id,name,market,close,change,turnover,high,low
0050,元大台灣50,TWSE,96.9,-0.1,9362479353,97.15,96.5
0051,元大中型100,TWSE,135.25,3.6,11280321,135.3,132.65
0052,富邦科技,TWSE,56.95,-0.15,1761816241,57.1,56.5
0053,元大電子,TWSE,224.25,2.2,6715938,225,222.85
0055,元大MSCI金融,TWSE,34,-0.39,20466843,34.48,34
0056,元大高股息,TWSE,45.76,0.91,3219371307,45.79,44.85
0057,富邦摩台,TWSE,288.35,0,2674743,289.1,287
0061,元大寶滬深,TWSE,25.17,0.35,10371395,25.19,24.82
1101,台泥,TWSE,25.4,0.4,604508413,25.65,25.05
1102,亞泥,TWSE,34.65,-0.3,295267736,35.05,34.6
1103,嘉泥,TWSE,13.45,0.05,3247738,13.55,13.35
1104,環泥,TWSE,28.3,0,17290100,28.45,28.25
1108,幸福,TWSE,14.6,0.05,3518376,14.65,14.55
1109,信大,TWSE,15.5,0.1,4379259,15.5,15.3
1110,東泥,TWSE,15.35,0.35,2803323,15.35,14.75
1201,味全,TWSE,12.25,-0.15,5137865,12.35,12.2
1203,味王,TWSE,44,0,226050,44,44
1210,大成,TWSE,52.3,-0.6,136446897,53,52.1
1213,大飲,TWSE,9,0.25,364327,9,8.34
1215,卜蜂,TWSE,133,-1,257326017,134,130.5
1216,統一,TWSE,73.9,0.7,1173683816,74.2,72.5
1217,愛之味,TWSE,9.63,-0.03,7012290,9.69,9.62
1218,泰山,TWSE,19.15,0.05,10687872,19.2,19.05
1219,福壽,TWSE,13.3,-0.1,11157463,13.4,13.25
1220,台榮,TWSE,12.35,0.1,3465179,12.4,12.1
1225,福懋油,TWSE,32.05,0.05,19934076,32.25,31.7
1227,佳格,TWSE,28.85,-0.2,28577074,29.2,28.85
1229,聯華,TWSE,41.1,-1.05,224824997,42.1,41
1231,聯華食,TWSE,87,0.5,24059194,87.3,86.5
1232,大統益,TWSE,148,0,13487652,149,148
1233,天仁,TWSE,28.75,-0.05,636944,29,28.75
1234,黑松,TWSE,35.05,-0.15,5629127,35.2,35
1235,興泰,TWSE,44.8,-1,1215760,45.5,44.15
1236,宏亞,TWSE,26.4,0.05,1343747,26.45,26
1256,鮮活果汁-KY,TWSE,177,1,25388346,181.5,174.5
1301,台塑,TWSE,49.25,0.7,928583810,51,47.95
1303,南亞,TWSE,91.5,2.9,4898025419,92.3,89.5
1304,台聚,TWSE,13.05,0.35,58992398,13.2,12.8
1305,華夏,TWSE,13.35,0.6,55039628,13.45,12.9
1307,三芳,TWSE,32.45,0.25,63927614,33,32.25
1308,亞聚,TWSE,13.65,0.25,40951547,13.9,13.5
1309,台達化,TWSE,16.9,0.05,88719362,17.4,16.8
1310,台苯,TWSE,8.64,0.01,25451592,8.81,8.59
1312,國喬,TWSE,11.8,0.2,72259221,12.25,11.8
1313,聯成,TWSE,11.25,0.15,33894089,11.55,11.1
1314,中石化,TWSE,7.09,-0.05,147840614,7.19,7.07
1315,達新,TWSE,61.8,0,1094080,61.8,61.6
1316,上曜,TWSE,11.45,0.25,23689405,11.65,11.25
1319,東陽,TWSE,80.8,0.6,240556505,81.4,80
1321,大洋,TWSE,29.6,0.05,3868374,29.7,29.4
1323,永裕,TWSE,19.75,0.5,5535641,20,19.3
1324,地球,TWSE,10.3,0,579875,10.4,10.2
1325,恆大,TWSE,27.65,0.35,35955592,29,27.6
1326,台化,TWSE,47.8,0.85,1103198906,48.75,46.3
1337,再生-KY,TWSE,4.9,-0.11,3588093,5,4.9
1338,廣華-KY,TWSE,16.45,0.75,2413400,16.95,16.1
1339,昭輝,TWSE,41,-0.6,5294323,41.6,40.6
1340,勝悅-KY,TWSE,5.53,-0.1,1351916,5.73,5.49
1341,富林-KY,TWSE,61.4,-0.7,308992,62.3,61.2
1342,八貫,TWSE,95.5,1.3,28427064,95.6,94.1
1402,遠東新,TWSE,26.35,0.25,283571125,26.5,26.1
1409,新纖,TWSE,17.2,0.4,188892529,17.3,16.8
1410,南染,TWSE,27.5,-0.1,4858232,28.45,27.5
1413,宏洲,TWSE,9.63,-0.02,164509,9.64,9.5
1414,東和,TWSE,16.25,0.05,2472815,16.45,16.15
1416,廣豐,TWSE,11.3,0,1498019,11.35,11.25
1417,嘉裕,TWSE,8.67,-0.04,1654492,8.79,8.61
1418,東華,TWSE,18.8,-0.3,270358,19.45,18.7
1419,新紡,TWSE,64.1,-0.2,2891205,64.2,63.8
1423,利華,TWSE,40.55,-0.3,2687553,40.9,40.5
1432,大魯閣,TWSE,16.75,-0.1,3276622,16.85,16.7
1434,福懋,TWSE,15.9,0.05,34171424,16.25,15.9
1436,華友聯,TWSE,48.7,-0.15,15041036,49.3,48.35
1437,勤益控,TWSE,28.75,-0.25,6191575,29,28.7
1438,三地開發,TWSE,21.7,1.25,4176091,21.7,19.1
1439,雋揚,TWSE,26.65,-0.2,854680,27,26.35
1440,南紡,TWSE,12.15,-0.1,21966865,12.25,12.1
1441,大東,TWSE,9.9,0.09,809087,9.9,9.74
1442,名軒,TWSE,26.9,-0.2,9243252,27.05,26.6
1443,立益物流,TWSE,27.6,0.8,837631,27.6,26.9
1444,力麗,TWSE,5.96,-0.04,4922647,6.02,5.93
1445,大宇,TWSE,12.5,-0.2,1267791,12.55,12.3
1446,宏和,TWSE,15.6,-0.2,5063521,15.8,15.45
1447,力鵬,TWSE,4.96,0.01,3884239,5.04,4.95
1449,佳和,TWSE,14.2,1.25,35003337,14.2,13.95
1451,年興,TWSE,16.75,0.05,3199610,17,16.7
1452,宏益,TWSE,11.05,-0.15,1573382,11.2,11.05
1453,大將,TWSE,11.55,-0.05,1247815,11.65,11.5
1454,台富,TWSE,13.65,-0.4,637160,14.1,13.55
1455,集盛,TWSE,8.13,0.05,3236330,8.2,8.06
1456,怡華,TWSE,14.65,0.45,6662604,14.7,13.95
1457,宜進,TWSE,14.45,-0.05,2874112,14.55,14.4
1459,聯發,TWSE,11.95,0.05,3174595,12,11.8
1460,宏遠,TWSE,7.19,-0.06,5010181,7.31,7.19
1463,強盛新,TWSE,18.25,0,589397,18.25,18.05
1464,得力,TWSE,10.05,0.05,4736794,10.1,9.99
1465,偉全,TWSE,12.15,-0.15,783540,12.3,12.1
1466,聚隆,TWSE,15.85,0.25,4261135,15.85,15.3
1467,南緯,TWSE,7.15,0.02,1742925,7.24,7.09
1468,昶和,TWSE,12.45,0,593943,12.5,12.25
1470,大統新創,TWSE,22.25,-0.3,824867,22.35,22.15
1471,首利,TWSE,11,-0.1,10106705,11.1,10.85
1472,三洋實業,TWSE,90.9,-0.3,1101094,90.9,89.4
1473,台南,TWSE,20.8,0.15,1838816,21,20.55
1474,弘裕,TWSE,9.97,-0.08,951304,10.15,9.94
1475,業旺,TWSE,27.65,-0.05,1492082,27.8,27.35
1476,儒鴻,TWSE,345.5,1.5,372247625,352,343
1477,聚陽,TWSE,218,-3.5,448500445,226,215.5
1503,士電,TWSE,206.5,4,901338404,211,203
1504,東元,TWSE,72.6,-0.2,1067930137,73.8,71.7
1506,正道,TWSE,10.75,0.25,1848890,10.8,10.5
1512,瑞利,TWSE,7.21,-0.14,892859,7.3,7.2
1513,中興電,TWSE,158.5,0.5,1109942951,159.5,156
1514,亞力,TWSE,126.5,3,1229868233,127,122.5
1515,力山,TWSE,24.1,2.15,31107050,24.1,23.15
1516,川飛,TWSE,21.75,0.05,2066439,21.9,20.7
1517,利奇,TWSE,10.2,0.1,2908319,10.3,10.05
1519,華城,TWSE,921,25,2991269798,924,893
1521,大億,TWSE,25.7,0.8,2505665,25.8,24.9
1522,堤維西,TWSE,31.6,-0.5,56524016,32,31.2
1524,耿鼎,TWSE,29.55,0.45,31891148,29.6,29.05
1525,江申,TWSE,62,0.3,3516285,62.5,61.2
1526,日馳,TWSE,15.6,0,1502639,15.7,15.55
1527,鑽全,TWSE,32.4,0,9831167,32.55,32.25
1528,恩德,TWSE,26.15,-0.4,142161345,26.9,26.1
1529,樂事綠能,TWSE,22.45,-0.45,17171780,23.1,22.35
1530,亞崴,TWSE,26.6,0.4,1374582,27,26.35
1531,高林股,TWSE,12.9,-0.1,3141752,13.05,12.75
1532,勤美,TWSE,20.6,-0.05,12045029,20.7,20.45
1533,車王電,TWSE,33.85,0,8751630,34.2,33.55
1535,中宇,TWSE,50.1,-0.2,4363265,50.5,50.1
1536,和大,TWSE,55.3,1.6,113826249,56.2,53.7
1537,廣隆,TWSE,125.5,3,46161629,126,123
1538,正峰,TWSE,11.65,-0.55,473285,12.2,11.1
1539,巨庭,TWSE,15.7,-0.05,1789009,15.9,15.55
1540,喬福,TWSE,20.8,-0.1,7017534,20.85,20.65
1541,錩泰,TWSE,22.95,-0.45,3100870,23.9,22.6
1558,伸興,TWSE,92.2,0.9,8541091,92.2,91.1
1560,中砂,TWSE,629,57,2825929632,629,581
1563,巧新,TWSE,43.8,-0.1,30135263,44,43.2
1568,倉佑,TWSE,28.8,-0.1,11548996,29.2,28.25
1582,信錦,TWSE,89.5,1.7,145500524,89.8,87.7
1583,程泰,TWSE,49,1.5,4511015,49.5,47.6
1587,吉茂,TWSE,29.9,-2.5,30894446,31.45,29.35
1590,亞德客-KY,TWSE,1550,45,2371869295,1600,1515
1597,直得,TWSE,182,9,370213824,184,173
1598,岱宇,TWSE,21.8,-0.4,9662597,22.45,21.75
1603,華電,TWSE,32.85,0.75,16953377,33.15,32.3
1604,聲寶,TWSE,22.8,0.05,9107288,22.8,22.7
1605,華新,TWSE,35,1.25,2589464496,35.3,33.65
1608,華榮,TWSE,34.25,0.25,115560512,34.65,34
1609,大亞,TWSE,36.35,0.3,345024282,36.5,35.3
1611,中電,TWSE,11.8,-0.1,6217522,11.9,11.75
1612,宏泰,TWSE,37.25,0.55,44578698,37.45,36.7
1614,三洋電,TWSE,31.85,-0.15,2113668,31.95,31.7
1615,大山,TWSE,44.3,-0.4,15117922,44.75,44.05
1616,億泰,TWSE,22.35,0.2,10376766,22.65,22.05
1617,榮星,TWSE,14.9,-0.15,3375941,15.15,14.55
1618,合機,TWSE,38.6,-0.6,35053808,38.7,38.05
1623,大東電,TWSE,242.5,-3.5,85199183,250,240.5
1626,艾美特-KY,TWSE,10.85,-0.1,739404,11,10.8
1702,南僑,TWSE,34.15,-0.2,19156870,34.35,34.05
1707,葡萄王,TWSE,113,0,13896963,113.5,112.5
1708,東鹼,TWSE,40.15,2.95,248150032,40.4,38.55
1709,和益,TWSE,18.5,-0.15,14523996,18.9,18.4
1710,東聯,TWSE,12.45,0.35,28302554,12.6,12.2
1711,永光,TWSE,54.2,-3.3,2279773861,59.3,54
1712,興農,TWSE,41.45,-0.5,55792676,41.95,41.1
1713,國化,TWSE,47.35,-0.15,8386963,47.9,46.5
1714,和桐,TWSE,9.81,0.58,84758002,9.88,9.54
1717,長興,TWSE,80.8,2.9,6908968787,83.6,79.4
1718,中纖,TWSE,6.48,0.14,23625968,6.52,6.37
1720,生達,TWSE,61.1,0,13092937,61.4,60.9
1721,三晃,TWSE,31.35,2.85,371645423,31.35,27.1
1722,台肥,TWSE,47.1,0.55,207799022,47.5,46.85
1723,中碳,TWSE,80.8,0.9,95075950,82.3,80
1725,元禎,TWSE,32.8,1.35,10388204,33.25,32.45
1726,永記,TWSE,76.1,-0.5,695334,76.5,76
1727,中華化,TWSE,76.3,4,651252683,77.6,72.8
1730,花仙子,TWSE,52.7,-0.1,3763132,52.9,52.6
1731,美吾華,TWSE,21.65,-0.05,2603542,21.8,21.65
1732,毛寶,TWSE,26.75,0.25,18416946,27.9,26.6
1733,五鼎,TWSE,28.55,0.2,3763877,29,28.5
1734,杏輝,TWSE,30.55,-0.1,14981996,30.75,30.45
1735,日勝化,TWSE,27.3,1.9,46508560,27.9,26.1
1736,喬山,TWSE,124,-1,71382269,126,123
1737,臺鹽,TWSE,31.55,0,3781761,31.65,31.55
1752,南光,TWSE,33.55,-0.35,3360737,33.9,33.4
1760,寶齡富錦,TWSE,63.8,-0.6,18935492,64.6,63.6
1762,中化生,TWSE,37.55,-1.2,65458476,39.55,36.6
1773,勝一,TWSE,176,3.5,329960033,184.5,176
1776,展宇,TWSE,16.85,-0.15,1527097,17.3,16.85
1783,和康生,TWSE,38.95,-0.45,7082482,39.4,38.75
1786,科妍,TWSE,56,-0.8,17469382,56.7,55.6
1789,神隆,TWSE,19.25,-0.55,30973190,19.8,19.2
1795,美時,TWSE,233,-3.5,883240768,237.5,229
1802,台玻,TWSE,69.9,1,5404504946,70.2,67.7
1805,寶徠,TWSE,10.3,-0.45,2753473,10.6,10.1
1806,冠軍,TWSE,8.23,-0.02,3781927,8.31,8.19
1808,潤隆,TWSE,28.9,0.45,39984770,29.25,28.6
1809,中釉,TWSE,39.6,3.6,491333237,39.6,35.2
1810,和成,TWSE,18.15,-0.35,26273028,18.35,17.7
1817,凱撒衛,TWSE,38.7,0.2,4086442,38.8,38.5
1903,士紙,TWSE,49.3,0,5711519,49.5,49.25
1904,正隆,TWSE,17.5,0.05,24404583,17.6,17.4
1905,華紙,TWSE,12.4,-0.05,30679063,12.5,12.3
1906,寶隆,TWSE,10.95,-0.05,1995235,11.15,10.8
1907,永豐餘,TWSE,24.05,0,21750374,24.3,24
1909,榮成,TWSE,9.27,0.1,28353471,9.31,9.15
2002,中鋼,TWSE,18.6,-0.15,913500424,18.85,18.55
2006,東和鋼鐵,TWSE,67.7,0.3,91080422,67.8,67.2
2007,燁興,TWSE,7.32,-0.05,2660393,7.49,7.32
2008,高興昌,TWSE,27.9,-0.25,379972,28.1,27.5
2009,第一銅,TWSE,39.6,1.7,164699412,40.2,38.6
2010,春源,TWSE,23.4,0,55304020,23.5,23
2012,春雨,TWSE,15.1,0,715140,15.1,14.9
2013,中鋼構,TWSE,42.95,0.15,3577859,43.1,42.8
2014,中鴻,TWSE,18.1,0.25,166665679,18.7,17.95
2015,豐興,TWSE,64.3,1.8,38589973,64.3,62.5
2017,官田鋼,TWSE,9.15,0.31,11466567,9.17,8.86
2020,美亞,TWSE,22.15,0.2,7860390,22.3,21.9
2022,聚亨,TWSE,8.27,0.23,9580060,8.32,8.05
2023,燁輝,TWSE,13.95,-0.45,59775773,14.2,13.85
2024,志聯,TWSE,13.9,-0.4,219602,14.15,13.9
2025,千興,TWSE,11.7,0.4,4209404,11.7,11.2
2027,大成鋼,TWSE,39.95,0.35,1204211149,40.45,39.5
2028,威致,TWSE,17.05,-0.1,4915733,17.6,16.9
2029,盛餘,TWSE,20.5,0.4,8219755,20.7,20.25
2030,彰源,TWSE,18,1.6,93260307,18,17.2
2031,新光鋼,TWSE,39.9,0.25,35464660,40.45,39.6
2032,新鋼,TWSE,17.7,1.15,59028359,18.1,16.75
2033,佳大,TWSE,15.1,-0.1,4326341,15.2,14.95
2034,允強,TWSE,21.05,-0.15,53739784,21.3,20.7
2038,海光,TWSE,14.05,0.15,7050203,14.35,13.75
2049,上銀,TWSE,351,31.5,4245778600,351,322.5
2059,川湖,TWSE,5520,200,9826419795,5615,5280
2062,橋椿,TWSE,20.25,-0.05,9902075,20.45,20.05
2069,運錩,TWSE,20.45,0.85,24734616,20.95,19.8
2072,世紀風電,TWSE,179.5,-1,109074165,185,179
2101,南港,TWSE,33.6,-0.9,55048503,34.8,33.55
2102,泰豐,TWSE,18.6,-0.2,11285112,18.9,18.5
2103,台橡,TWSE,21.1,0.8,258215420,21.5,20.1
2104,國際中橡,TWSE,10.2,-0.1,116967593,10.55,10
2105,正新,TWSE,32.05,-0.05,240287335,32.35,31.9
2106,建大,TWSE,17.35,0.15,7665379,17.4,17.2
2107,厚生,TWSE,26.05,-0.05,4638205,26.2,26.05
2108,南帝,TWSE,29.3,0.8,98127662,29.95,28.7
2109,華豐,TWSE,13.9,-0.1,1878557,14,13.9
2114,鑫永銓,TWSE,88,-0.2,5375393,88.2,87.6
2115,六暉-KY,TWSE,20.9,-0.4,4535412,21.35,20.8
2201,裕隆,TWSE,27.75,0,84743282,28.15,27.7
2204,中華,TWSE,54.1,-0.3,66291485,54.5,53.9
2206,三陽工業,TWSE,58.1,0.1,35897857,58.2,58
2207,和泰車,TWSE,475.5,-11.5,234254681,484.5,475.5
2208,台船,TWSE,20.2,-1.5,200532642,21.1,20
2211,長榮鋼,TWSE,97.7,-0.8,78370384,98.6,97.7
2227,裕日車,TWSE,53.2,-0.6,1718891,53.8,53
2228,劍麟,TWSE,87.8,-0.8,23259465,88.9,87.5
2231,為升,TWSE,109,-7,170300967,115.5,107.5
2233,宇隆,TWSE,302.5,10.5,240797103,308,288.5
2236,百達-KY,TWSE,142.5,7.5,149226403,144,136
2239,英利-KY,TWSE,22,-0.2,529400,22.45,21.9
2241,艾姆勒,TWSE,31.15,1.5,35911530,31.65,29.8
2243,宏旭-KY,TWSE,21.65,-2.15,68443185,23.2,21.45
2247,汎德永業,TWSE,212,-3,19751218,214.5,212
2248,華勝-KY,TWSE,57.8,2.2,7156075,58.8,57.2
2250,IKKA-KY,TWSE,63.9,0.4,3390022,64.5,63.7
2254,巨鎧精密-創,TWSE,65,-3.5,1398600,68.4,65
2258,鴻華先進-創,TWSE,28.1,-0.6,35445129,28.7,28
2301,光寶科,TWSE,224,20,9732511570,224,208
2302,麗正,TWSE,21.5,1.95,104737859,21.5,19.95
2303,聯電,TWSE,95,3.7,16921015345,96.3,92
2305,全友,TWSE,17.55,-0.25,204921014,18.9,17.4
2308,台達電,TWSE,2245,45,20637874185,2270,2205
2312,金寶,TWSE,29.9,1.95,2612943127,30.4,28.4
2313,華通,TWSE,242,-11.5,20136212213,254.5,242
2314,台揚,TWSE,12.6,-0.4,7830207,13.2,12.5
2316,楠梓電,TWSE,123.5,11,770167880,123.5,115.5
2317,鴻海,TWSE,252,2,15967564839,258,251
2321,東訊,TWSE,12.85,0.5,99188,13,12.5
2323,中環,TWSE,10.6,0.05,34755867,10.75,10.55
2324,仁寶,TWSE,30.8,1.15,2459714766,31.1,29.25
2327,國巨*,TWSE,391.5,2.5,20162325289,398.5,370
2328,廣宇,TWSE,54.7,2.9,1082056971,55.2,52.8
2329,華泰,TWSE,59,-0.7,1006380862,62.6,58.8
2330,台積電,TWSE,2235,-55,104025934565,2275,2235
2331,精英,TWSE,20.9,0.55,36208077,20.95,20.3
2332,友訊,TWSE,13.8,-0.15,51818811,14.05,13.7
2337,旺宏,TWSE,159.5,6.5,23850285595,162.5,156
2338,光罩,TWSE,50,-1.5,387369401,51.8,49.65
2340,台亞,TWSE,37.35,0.05,329704395,38.7,36.8
2342,茂矽,TWSE,43.05,-0.75,687711165,45.2,41.9
2344,華邦電,TWSE,117.5,10.5,18894778606,117.5,113
2345,智邦,TWSE,2590,215,22816501252,2610,2485
2347,聯強,TWSE,86.4,4.2,477458899,87.5,83.3
2348,海悅,TWSE,71,0.1,17902463,71.6,70.7
2349,錸德,TWSE,12.6,0.15,37090342,12.75,12.45
2351,順德,TWSE,190.5,7.5,2825499550,193,176.5
2352,佳世達,TWSE,25.7,0.85,224441244,25.8,24.9
2353,宏碁,TWSE,28.8,1,1338545799,29.1,27.75
2354,鴻準,TWSE,61.6,0.2,1322151387,62.1,59.5
2355,敬鵬,TWSE,52.7,0.9,957960800,54.5,50.9
2356,英業達,TWSE,50.2,0.65,1520252648,50.5,49.1
2357,華碩,TWSE,686,36,7023919574,699,658
2359,所羅門,TWSE,122.5,3,266554956,124.5,119
2360,致茂,TWSE,2360,130,7718590365,2415,2205
2362,藍天,TWSE,40.35,0.45,34354818,40.4,39.75
2363,矽統,TWSE,61,1.6,1558885239,62.5,57.8
2364,倫飛,TWSE,70.2,6.3,73080570,70.2,66.6
2365,昆盈,TWSE,36.95,0.7,489243591,37.85,36.2
2367,燿華,TWSE,62.6,0.9,2250779657,63.3,60
2368,金像電,TWSE,1400,70,7402355415,1410,1305
2369,菱生,TWSE,31,0.3,343611576,31.95,30.7
2371,大同,TWSE,30.55,0,385961591,30.7,30.2
2373,震旦行,TWSE,56.4,-0.4,3790174,57.5,56.4
2374,佳能,TWSE,80.5,2,632659640,80.9,78.7
2375,凱美,TWSE,91.5,1.1,442084166,91.8,86.5
2376,技嘉,TWSE,324.5,7.5,6738498954,333,317
2377,微星,TWSE,107.5,7.5,3810552898,109.5,97
2379,瑞昱,TWSE,584,-8,5847090368,615,581
2380,虹光,TWSE,5.87,0.27,1520570,6,5.71
2382,廣達,TWSE,343.5,3,5010939445,350,341.5
2383,台光電,TWSE,4850,100,12896977185,4860,4480
2385,群光,TWSE,135,1,517655614,136.5,133.5
2387,精元,TWSE,40,-0.75,38312801,40.8,39.7
2388,威盛,TWSE,76.7,5.3,988412544,78.3,71.4
2390,云辰,TWSE,9.38,-0.08,5988038,9.5,9.31
2392,正崴,TWSE,39.15,0.35,77904703,39.2,38.15
2393,億光,TWSE,73.8,0.1,199535599,74.5,72.7
2395,研華,TWSE,478.5,2,2679798554,486,463
2397,友通,TWSE,59.2,0,10360831,59.3,58.7
2399,映泰,TWSE,44.8,2.5,1142449064,45.4,41.4
2401,凌陽,TWSE,25.65,0.35,215439927,26.25,25.25
2402,毅嘉,TWSE,69,1,335675468,69.6,67
2404,漢唐,TWSE,1025,10,5013767314,1040,986
2405,輔信,TWSE,15.4,0.45,31782982,15.55,15.1
2406,國碩,TWSE,35.25,2.25,512031504,35.8,32.9
2408,南亞科,TWSE,301,27,32695136671,301,296
2409,友達,TWSE,18.85,1,5962696962,19.1,18.25
2412,中華電,TWSE,135.5,-1,906026444,136.5,135.5
2413,環科,TWSE,45.4,-0.7,74507277,46.75,44.2
2414,精技,TWSE,47.9,-1,21565403,49.15,47.3
2415,錩新,TWSE,27.6,-0.4,5684418,28.25,27.55
2417,圓剛,TWSE,51,0.6,167634819,52,49.3
2419,仲琦,TWSE,30,-0.05,45341283,30.6,29.7
2420,新巨,TWSE,56.5,1,46962287,56.8,55.3
2421,建準,TWSE,151,2,976567902,151.5,143
2423,固緯,TWSE,60.9,-4.8,34330177,64.4,60.5
2424,隴華,TWSE,21.15,1.9,2606036,21.15,21.15
2425,承啟,TWSE,32.9,2.05,67408710,33.8,32.85
2426,鼎元,TWSE,66.7,-0.8,258676032,68,62.1
2427,三商電,TWSE,21.8,0.25,16125399,22.25,21.75
2428,興勤,TWSE,193,2.5,355600272,196,185
2429,銘旺科,TWSE,51.5,-2.3,17087791,53.8,50.1
2430,燦坤,TWSE,19.75,-0.15,2934119,19.9,19.7
2431,聯昌,TWSE,10.55,-0.25,6745490,10.8,10.55
2432,倚天酷碁-創,TWSE,27.5,-0.1,1752461,28.1,27.4
2433,互盛電,TWSE,45.55,-0.2,1699180,45.8,45.5
2434,統懋,TWSE,31.2,-0.75,1198919,32,31.15
2436,偉詮電,TWSE,75.9,3.9,798452464,77.1,71.5
2438,翔耀,TWSE,21.5,-1.1,7089159,22.6,21.45
2439,美律,TWSE,86.4,0.2,125670790,86.5,85.3
2440,太空梭,TWSE,16.95,0.2,8907555,17.35,16.75
2441,超豐,TWSE,92.4,1.9,540280125,93.7,90.4
2442,新美齊,TWSE,18.8,0.15,28049678,18.95,18.65
2444,兆勁,TWSE,12.9,-0.25,11644228,13.45,12.85
2449,京元電子,TWSE,299.5,-11.5,18989466854,316,294
2450,神腦,TWSE,30.1,0.2,8028281,30.1,29.8
2451,創見,TWSE,343.5,31,4949495237,343.5,332.5
2453,凌群,TWSE,54.8,0.2,20690008,55.2,54.3
2454,聯發科,TWSE,3880,250,33138490190,3985,3565
2455,全新,TWSE,360,23,1197782287,369.5,347
2457,飛宏,TWSE,25.5,1.25,87170071,25.5,24.3
2458,義隆,TWSE,150,-1.5,690952533,154,149
2459,敦吉,TWSE,66.7,0,10823617,66.9,66.2
2460,建通,TWSE,33,1,29098684,33.1,31.2
2461,光群雷,TWSE,15.95,-0.55,15829057,16.7,15.95
2462,良得電,TWSE,21.15,-0.7,20966099,21.7,21.05
2464,盟立,TWSE,120,-2,3574273653,123,114
2465,麗臺,TWSE,86.9,6.4,259728854,87.5,81.9
2466,冠西電,TWSE,51.6,1.2,20979543,51.8,49.6
2467,志聖,TWSE,590,53,2123118138,590,542
2468,華經,TWSE,34.2,-1.6,18375510,35.45,34.1
2471,資通,TWSE,51.7,-1.4,28502253,53.1,51
2472,立隆電,TWSE,225,3.5,3632831722,228,203.5
2474,可成,TWSE,208,3,826398861,208.5,203.5
2476,鉅祥,TWSE,119.5,7.5,1005940863,122,111.5
2477,美隆電,TWSE,21.15,0.15,5039116,21.2,20.85
2478,大毅,TWSE,77.9,-0.2,266058167,79,74.5
2480,敦陽科,TWSE,149.5,1.5,77468691,150,147
2481,強茂,TWSE,109,9.5,3500176280,109,101.5
2482,連宇,TWSE,16.75,0.05,2211343,16.8,16.6
2483,百容,TWSE,23.7,-0.1,9367158,24.25,23.5
2484,希華,TWSE,39.6,-2.2,418626124,41.8,38.2
2485,兆赫,TWSE,67.6,-1,1811461375,70.6,66.8
2486,一詮,TWSE,281.5,0,646352978,291,281.5
2488,漢平,TWSE,52.5,0.6,9459326,52.6,51.8
2489,瑞軒,TWSE,43,1.4,1100524644,43.95,41.6
2491,吉祥全,TWSE,21,-0.1,44595249,21.45,19.95
2492,華新科,TWSE,171.5,15.5,5062823576,171.5,151.5
2493,揚博,TWSE,129.5,-2,208039408,131.5,128.5
2495,普安,TWSE,36.35,-0.45,182296346,37.05,36.1
2496,卓越,TWSE,66.2,0.3,2052516,66.3,65.9
2497,怡利電,TWSE,58.6,-2.1,56934152,60.9,58.1
2498,宏達電,TWSE,40.25,0.9,339317240,40.25,38.65
2501,國建,TWSE,22.65,-0.35,71898818,23.1,22.55
2504,國產,TWSE,34.8,0.05,53381334,35.1,34.75
2505,國揚,TWSE,17.65,-0.1,6901038,17.75,17.55
2506,太設,TWSE,8.66,-0.09,1685455,8.79,8.66
2509,全坤建,TWSE,13.2,-0.2,5106350,13.45,13.2
2511,太子,TWSE,7.82,0.01,6691976,7.86,7.75
2514,龍邦,TWSE,13.3,0.05,8228929,13.35,13.25
2515,中工,TWSE,13.2,0.1,45140621,13.35,13.05
2516,新建,TWSE,13.05,-0.15,3176561,13.2,13.05
2520,冠德,TWSE,30.6,0.55,49846503,30.65,30.05
2524,京城,TWSE,36.8,-0.05,1552441,37.2,36.55
2527,宏璟,TWSE,34.35,-0.3,38942057,36.3,33.35
2528,皇普,TWSE,22.3,0.05,11795295,22.55,22.25
2530,華建,TWSE,21.2,-0.3,55118691,21.55,20.55
2534,宏盛,TWSE,18.75,0,22339357,19.15,18.65
2535,達欣工,TWSE,74.4,0.2,132929387,76,71.3
2536,宏普,TWSE,20.5,-0.15,6722306,20.65,20.5
2537,聯上發,TWSE,10.25,0,7164108,10.35,10.2
2538,基泰,TWSE,9.8,-0.16,6364679,9.93,9.8
2539,櫻花建,TWSE,39.75,0.4,69623451,39.8,38.6
2540,愛山林,TWSE,51.5,0.2,24511712,52,51
2542,興富發,TWSE,41.65,1.65,727289824,41.75,40.2
2543,皇昌,TWSE,43.25,1.05,170925693,45.35,42.8
2545,皇翔,TWSE,38.95,0,19154276,39,38.45
2546,根基,TWSE,85.2,-0.2,22571556,85.6,84.4
2547,日勝生,TWSE,10.25,-0.05,22146999,10.3,10.2
2548,華固,TWSE,129.5,6,357533960,129.5,123.5
2597,潤弘,TWSE,160,4,124646370,161.5,156
2601,益航,TWSE,4.97,0.06,8116460,4.99,4.9
2603,長榮,TWSE,214,2.5,1979610125,215,212.5
2605,新興,TWSE,34.1,1.05,300140848,34.65,31.65
2606,裕民,TWSE,65.3,0.3,265258629,65.7,64.4
2607,榮運,TWSE,48.4,0.5,17757849,48.4,47.75
2608,嘉里大榮,TWSE,29.95,-0.05,9912326,30,29.9
2609,陽明,TWSE,50.8,0.9,896190845,50.9,50.1
2610,華航,TWSE,19.15,0.6,1238895120,19.25,18.65
2611,志信,TWSE,13.7,0.3,8621774,13.95,13.6
2612,中航,TWSE,57.3,-0.6,30382547,57.9,56.5
2613,中櫃,TWSE,22.35,0.05,4956751,22.4,22.2
2614,東森,TWSE,20,-0.1,25710929,20.25,19.9
2615,萬海,TWSE,78.5,2,690626079,78.7,77.4
2616,山隆,TWSE,13.9,-0.1,6022972,14,13.85
2617,台航,TWSE,29.25,-0.15,28343948,29.4,29.2
2618,長榮航,TWSE,35.85,0.2,847495309,36,35.7
2630,亞航,TWSE,45.6,-4.8,218518880,47.6,45.4
2633,台灣高鐵,TWSE,26.75,0.2,154249414,26.9,26.6
2634,漢翔,TWSE,47.2,-2.9,712114288,48.35,46.25
2636,台驊控股,TWSE,68.5,0.8,33882020,68.8,67.8
2637,慧洋-KY,TWSE,74.5,-0.1,117984919,75.6,73.3
2642,宅配通,TWSE,21.6,0.1,1617882,21.85,21.55
2645,長榮航太,TWSE,154.5,-9.5,689227628,160,148
2646,星宇航空,TWSE,20.5,-0.1,98611318,20.65,20.35
2701,萬企,TWSE,10.7,0,464595,10.8,10.65
2702,華園,TWSE,13.9,-0.7,2309725,14.2,13.8
2704,國賓,TWSE,42.8,0.3,6616587,43.4,42.5
2705,六福,TWSE,16.05,0.15,2579803,16.05,15.8
2706,第一店,TWSE,12.35,-0.15,1374771,12.5,12.35
2707,晶華,TWSE,171.5,1,34278427,172,171
2712,遠雄來,TWSE,17,-0.4,69846,17.4,17
2722,夏都,TWSE,23.5,0,546570,23.85,23.5
2723,美食-KY,TWSE,68,1.2,26520545,68.5,66.6
2727,王品,TWSE,235,0.5,97358278,236.5,234
2731,雄獅,TWSE,159.5,0,167868123,161,158.5
2739,寒舍,TWSE,34.85,0.15,2474805,35.1,34.5
2748,雲品,TWSE,40.05,-0.05,5104817,40.3,39.9
2753,八方雲集,TWSE,179.5,-1,103645166,181.5,178
2762,世界健身-KY,TWSE,75.4,1.4,6027205,75.4,74
2801,彰銀,TWSE,20.9,-0.05,279912229,21.05,20.9
2812,台中銀,TWSE,19.75,0,275973870,19.8,19.65
2816,旺旺保,TWSE,30.55,0.15,4556086,30.75,30.2
2820,華票,TWSE,17.1,0.25,42186815,17.1,16.9
2832,台產,TWSE,53.6,0,18182459,54.5,53.2
2834,臺企銀,TWSE,16.15,-0.1,585362799,16.3,16.1
2836,高雄銀,TWSE,11.85,-0.05,15556445,11.9,11.85
2838,聯邦銀,TWSE,20.75,0.2,39329039,20.85,20.5
2845,遠東銀,TWSE,12.2,0,151808044,12.25,12.15
2849,安泰銀,TWSE,13.85,-0.25,1205902,14.1,13.85
2850,新產,TWSE,136,3.5,43369597,136.5,132
2851,中再保,TWSE,31.55,0.4,95984523,32.1,31.35
2852,第一保,TWSE,26.1,-0.05,11839302,26.3,26.1
2855,統一證,TWSE,43.7,3.7,910750928,44,40.7
2867,三商壽,TWSE,7.82,-0.01,59664201,7.87,7.8
2880,華南金,TWSE,33.25,-0.05,460579499,33.45,33.15
2881,富邦金,TWSE,95.5,-1.2,2192230185,96.7,95.5
2882,國泰金,TWSE,78.4,-1.6,1731602638,79.6,78.4
2883,凱基金,TWSE,22.8,-0.1,942862958,23.1,22.8
2884,玉山金,TWSE,32.3,-0.2,933224084,32.55,32.3
2885,元大金,TWSE,56.5,0,1425482373,57.4,55.8
2886,兆豐金,TWSE,40.1,-0.1,824628419,40.5,40
2887,台新新光金,TWSE,23.45,-0.35,2314913194,23.9,23.45
2889,國票金,TWSE,14.75,0.1,67533095,14.85,14.6
2890,永豐金,TWSE,30.6,-0.4,1045120680,31.05,30.6
2891,中信金,TWSE,55.3,-1.1,2784772363,56,54.7
2892,第一金,TWSE,29.55,0.05,1128258327,29.75,29.25
2897,王道銀行,TWSE,10.25,0.1,67951221,10.35,10.1
2901,欣欣,TWSE,23.45,-0.2,535115,23.85,23.4
2903,遠百,TWSE,22.25,0.1,39404487,22.3,22.15
2904,匯僑,TWSE,15.65,-0.2,1867215,15.8,15.6
2905,三商,TWSE,13.35,-0.3,8714282,13.7,13.3
2906,高林,TWSE,12.35,-0.05,2390346,12.5,12.3
2908,特力,TWSE,20.95,0.05,6501441,20.95,20.75
2910,統領,TWSE,22.3,-0.55,203427,22.85,22.25
2911,麗嬰房,TWSE,4.97,-0.14,571634,5.11,4.92
2912,統一超,TWSE,227.5,-4.5,537067591,231.5,226
2913,農林,TWSE,11.3,0.05,14646645,11.4,11.15
2915,潤泰全,TWSE,43.65,0.4,48510701,43.7,43.3
2923,鼎固-KY,TWSE,27.85,-0.4,2639066,29,27.35
2929,淘帝-KY,TWSE,5.51,-0.01,1628882,5.65,5.5
2939,永邑-KY,TWSE,24.7,0.1,1121248,25,24.65
2945,三商家購,TWSE,41.2,-0.25,1303910,41.5,40.6
3002,歐格,TWSE,17.7,-0.1,3278235,17.85,17.65
3003,健和興,TWSE,59.1,3.3,142356681,59.3,56
3004,豐達科,TWSE,114.5,-2.5,51954536,118.5,113
3005,神基,TWSE,99.8,1.6,272253476,99.8,97.5
3006,晶豪科,TWSE,222,20,5817519189,222,211.5
3008,大立光,TWSE,2545,-25,2205185180,2600,2525
3010,華立,TWSE,136,2.5,204968071,137.5,134
3011,今皓,TWSE,13.75,0.3,8228477,13.85,13.3
3013,晟銘電,TWSE,112,5,736361246,115,110
3014,聯陽,TWSE,139,3.5,485151525,139,136
3015,全漢,TWSE,51.1,0.4,14992945,51.1,50
3016,嘉晶,TWSE,128.5,11.5,687490980,128.5,119
3017,奇鋐,TWSE,2555,110,15814319510,2590,2455
3018,隆銘綠能,TWSE,10.7,0.55,187744,10.7,10.15
3019,亞光,TWSE,146.5,2.5,1085068092,148,142.5
3021,鴻名,TWSE,16.4,0.1,1574453,16.65,16.3
3022,威強電,TWSE,69,-4.7,181525961,69.3,66.7
3023,信邦,TWSE,302,-0.5,453106415,302.5,293
3024,憶聲,TWSE,14.55,0.3,54799065,14.85,14.25
3025,星通,TWSE,62.8,-0.5,37132073,63.6,62.5
3026,禾伸堂,TWSE,329.5,-0.5,10474827989,351.5,311
3027,盛達,TWSE,18.3,-0.9,8334477,18.8,18.2
3028,增你強,TWSE,75.5,-4.3,1105448116,84.4,75.3
3029,零壹,TWSE,99.1,0.8,83984590,99.8,98.1
3030,德律,TWSE,397,7.5,669742863,398,386
3031,佰鴻,TWSE,30,0.45,75648198,31.15,29.55
3032,偉訓,TWSE,77.7,7,306866276,77.7,70.7
3033,威健,TWSE,44,0.15,741945919,45.5,43.55
3034,聯詠,TWSE,496.5,-1.5,7304655151,503,486
3035,智原,TWSE,195.5,17.5,4894017586,195.5,182
3036,文曄,TWSE,264.5,24,5897938321,264.5,248
3037,欣興,TWSE,861,43,24465278249,889,822
3038,全台,TWSE,22.5,-0.35,10924889,22.85,22.4
3040,遠見,TWSE,40,-0.9,8234464,40.9,40
3041,揚智,TWSE,24.7,0.4,38244326,25.25,24.2
3042,晶技,TWSE,155.5,1.5,2587135473,159,140.5
3043,科風,TWSE,20.15,-0.2,3023252,20.65,20
3044,健鼎,TWSE,489.5,8.5,2537427640,508,477
3045,台灣大,TWSE,110,0,826969818,110.5,109.5
3046,建碁,TWSE,52.4,1.8,35563943,52.5,50.6
3047,訊舟,TWSE,14.65,0.25,15528263,14.75,14.25
3048,益登,TWSE,45,2.6,849789642,45.4,42.85
3049,精金,TWSE,13.6,0.85,136582497,13.7,12.6
3050,鈺德,TWSE,12.35,0.05,5852146,12.4,12.2
3051,力特,TWSE,26.35,0.35,58038481,26.9,25.8
3052,夆典,TWSE,10.7,0.05,3510206,10.8,10.7
3054,立萬利,TWSE,69.6,-0.8,23175808,71.4,67.7
3055,蔚華科,TWSE,100,8.8,283928000,100,99.7
3056,富華新,TWSE,13.55,0.15,20884844,13.8,13.3
3057,喬鼎,TWSE,21.7,0.1,19102399,22.55,20.95
3058,立德,TWSE,8.3,-0.04,4399982,8.36,8.27
3059,華晶科,TWSE,40.15,0.8,108832895,40.5,39.4
3060,銘異,TWSE,28.55,0.55,68654229,29.15,28.4
3062,建漢,TWSE,27.85,1.05,196218873,28,26.7
3090,日電貿,TWSE,116.5,3,1471228442,119,110.5
3092,鴻碩,TWSE,30.25,-0.7,17278564,30.75,29.9
3094,聯傑,TWSE,30.9,0,86401791,32.5,30.5
3130,一零四,TWSE,222,0,11732684,225,221
3135,凌航,TWSE,194.5,17.5,398009755,194.5,194.5
3138,耀登,TWSE,158,3,186639520,160.5,153
3149,正達,TWSE,50.5,2.25,409882549,51.6,48.45
3150,鈺寶-創,TWSE,19.55,-0.4,2448258,20.1,19.5
3164,景岳,TWSE,17.6,0.2,2782551,17.8,17.3
3167,大量,TWSE,728,44,1367548849,728,624
3168,眾福科,TWSE,45.2,-0.7,1298274,46,45.2
3189,景碩,TWSE,503,45,13019892785,503,468
3209,全科,TWSE,60.5,5.5,401004655,60.5,58.6
3229,晟鈦,TWSE,44.8,4.05,87913560,44.8,37.9
3231,緯創,TWSE,139,-7.5,15989901745,147,138
3257,虹冠電,TWSE,55.3,0.4,26071540,55.9,54.5
3266,昇陽,TWSE,13.55,-0.2,1630109,13.7,13.5
3296,勝德,TWSE,22.5,-0.95,5302622,23.5,22.2
3305,昇貿,TWSE,117,2,379108069,118.5,114.5
3308,聯德,TWSE,20.8,-0.45,2420533,21.25,20.6
3311,閎暉,TWSE,32.8,0.4,12816199,33.2,32.55
3312,弘憶股,TWSE,44.5,2.75,210045500,45.5,42.7
3321,同泰,TWSE,16.25,-0.25,4515014,16.5,16.15
3338,泰碩,TWSE,72.4,-0.5,118731538,72.4,70.5
3346,麗清,TWSE,16.75,-0.7,16137128,17.1,16.6
3356,奇偶,TWSE,59.7,4.6,184278203,59.9,54.3
3376,新日興,TWSE,206.5,4,671409653,209.5,201.5
3380,明泰,TWSE,32.2,0.3,65857615,32.35,31.75
3406,玉晶光,TWSE,510,4,414340777,512,500
3413,京鼎,TWSE,308.5,-7,1110750222,313,296
3416,融程電,TWSE,171.5,-4,148976436,179,169.5
3419,譁裕,TWSE,14.25,-0.25,5776076,14.5,14.15
3432,台端,TWSE,19.95,-0.25,5914777,20.15,19.65
3437,榮創,TWSE,25.7,-0.15,69879752,26.55,25.65
3443,創意,TWSE,5730,520,13526016300,5730,5245
3447,展達,TWSE,38.4,-1,11210290,39.4,38.35
3450,聯鈞,TWSE,428,18,12774162314,438.5,391
3481,群創,TWSE,32.3,2.9,13384298780,32.3,31.05
3494,誠研,TWSE,7.8,-0.22,971432,8.02,7.78
3501,維熹,TWSE,47.15,-0.2,6815366,47.35,46.75
3504,揚明光,TWSE,62.8,0.7,32164563,63.3,61.5
3515,華擎,TWSE,232.5,-13,480389151,234.5,223.5
3518,柏騰,TWSE,37,1,80956489,39,34.1
3528,安馳,TWSE,82.5,-8.5,235671916,88,81.9
3530,晶相光,TWSE,69.5,4.3,38290978,69.5,66
3532,台勝科,TWSE,268,10.5,256418089,269.5,255
3533,嘉澤,TWSE,2845,145,5811676890,2870,2655
3535,晶彩科,TWSE,126,-2.5,466261281,129,122.5
3543,州巧,TWSE,38.6,-1.25,57439065,39.85,38.25
3545,敦泰,TWSE,57.6,0.9,231943321,58.2,55.6
3550,聯穎,TWSE,21.4,0.05,63274085,21.65,21
3557,嘉威,TWSE,27.5,-1.95,9551811,29.45,27.5
3563,牧德,TWSE,807,5,869621613,825,792
3576,聯合再生,TWSE,17,-0.45,354224646,17.45,16.7
3583,辛耘,TWSE,866,78,3166221401,866,800
3588,通嘉,TWSE,63.6,4.4,60275598,64.8,59.3
3591,艾笛森,TWSE,23.3,-0.3,38410130,24.15,23.25
3592,瑞鼎,TWSE,263.5,5,656968447,274.5,257
3593,力銘,TWSE,18.6,-0.35,814730,18.75,17.1
3596,智易,TWSE,184,6,627034477,184,177.5
3605,宏致,TWSE,82.3,-1,629890408,83,77.2
3607,谷崧,TWSE,14.55,0,5025591,14.65,14.45
3617,碩天,TWSE,202.5,5.5,90315166,204.5,198
3622,洋華,TWSE,57.4,1,32563233,59.5,56.6
3645,達邁,TWSE,101,6.9,999098417,103,94.3
3652,精聯,TWSE,30.9,1.4,9267576,32,30.75
3653,健策,TWSE,4015,365,16304751725,4015,3700
3661,世芯-KY,TWSE,5375,485,6793571750,5375,5180
3665,貿聯-KY,TWSE,2905,155,7827402470,2925,2645
3669,圓展,TWSE,40.4,0.9,14420494,41.8,39.7
3673,TPK-KY,TWSE,59.8,0.8,342947470,60.5,59
3679,新至陞,TWSE,120,-0.5,8799362,120.5,119.5
3686,達能,TWSE,17.05,-0.55,8618019,17.4,17
3694,海華,TWSE,56.8,-3.2,132497577,59,56.4
3701,大眾控,TWSE,62.9,2,153763571,64.8,60.6
3702,大聯大,TWSE,114,0.5,4039446702,117.5,111.5
3703,欣陸,TWSE,20.75,0.05,22844611,20.85,20.55
3704,合勤控,TWSE,35.05,-0.25,58881140,35.85,34.75
3705,永信,TWSE,55.4,0.1,5576180,55.5,55.3
3706,神達,TWSE,86.8,0.6,1860093351,89.2,85.7
3708,上緯投控,TWSE,121.5,3,206142045,124.5,118
3711,日月光投控,TWSE,537,21,12026456309,546,513
3712,永崴投控,TWSE,20.3,-0.35,9535353,20.75,20.2
3714,富采,TWSE,67.9,-3.2,2819781603,69.6,64.6
3715,定穎投控,TWSE,181.5,1,1594614379,182,177
3716,中化控股,TWSE,34.5,-0.5,19427878,35.2,34.5
3717,聯嘉投控,TWSE,23.3,-0.75,80353204,24.4,23.3
4104,佳醫,TWSE,70.2,-0.4,37253254,70.8,70
4106,雃博,TWSE,22.2,0,1292834,22.3,22.1
4108,懷特,TWSE,12.1,0,2647716,12.1,12
4119,旭富,TWSE,44.3,-2.35,29469915,46.05,44.15
4133,亞諾法,TWSE,21.75,-0.2,2052791,22,21.65
4137,麗豐-KY,TWSE,107,-0.5,19593953,108.5,106.5
4142,國光生,TWSE,17.65,-0.15,17854689,17.9,17.55
4148,全宇生技-KY,TWSE,38.4,2.15,5602470,39.45,37.4
4155,訊映,TWSE,12.95,-0.1,2858572,13.05,12.9
4164,承業醫,TWSE,29,0.5,29370967,29.25,28.7
4169,泰宗,TWSE,154,-2,15046578,156.5,153
4178,永笙-KY,TWSE,19,0,13192801,19.05,18.9
4190,佐登-KY,TWSE,24.6,0,395933,24.9,24.5
4195,基米-創,TWSE,22.3,0,54134587,22.85,22.1
4306,炎洲,TWSE,13.35,0.2,20242773,13.35,13.15
4414,如興,TWSE,9.98,-0.02,4726235,10,9.95
4426,利勤,TWSE,8,-0.04,1498840,8.14,7.91
4438,廣越,TWSE,59.9,1.6,8532641,59.9,57.8
4439,冠星-KY,TWSE,97.8,-1.2,3441184,98.9,96.2
4440,宜新實業,TWSE,17.95,-0.15,961722,18.1,17.95
4441,振大環球,TWSE,201.5,6.5,47677841,203.5,195
4526,東台,TWSE,35.25,0.75,120546744,35.75,34.25
4532,瑞智,TWSE,23.2,0.25,38798631,23.5,23
4536,拓凱,TWSE,151.5,0.5,25195625,151.5,150
4540,全球傳動,TWSE,69.5,0.9,662659909,70.2,67
4545,銘鈺,TWSE,30.65,0.6,4803680,30.8,30.15
4551,智伸科,TWSE,148.5,13.5,184868191,148.5,143
4552,力達-KY,TWSE,20,-0.15,1661822,20.05,19.85
4555,氣立,TWSE,42.65,0,8426988,43.2,41.6
4557,永新-KY,TWSE,50.8,-0.2,3626531,51,50.4
4560,強信-KY,TWSE,35.35,0.15,12252793,35.75,35
4562,穎漢,TWSE,37.2,-0.5,18663948,38.05,37.05
4564,元翎,TWSE,17.65,-0.35,22996420,18,17.45
4566,時碩工業,TWSE,68.3,1.1,64392030,69.4,67.4
4569,六方科-KY,TWSE,163.5,-7.5,16829542,171,163
4571,鈞興-KY,TWSE,197.5,7.5,179811291,199.5,187.5
4572,駐龍,TWSE,144.5,-3.5,8044163,146,144.5
4576,大銀微系統,TWSE,250.5,22.5,1717975874,250.5,229
4581,光隆精密-KY,TWSE,51,1,813000,51.5,50.4
4583,台灣精銳,TWSE,783,21,383031231,820,757
4585,達明,TWSE,342,12.5,222727771,348,331
4588,玖鼎電力,TWSE,58.3,-0.4,4379384,58.6,58.1
4590,富田-創,TWSE,75.8,-2.8,24629963,77.7,74.7
4720,德淵,TWSE,25.75,-0.3,94499351,26.8,25.55
4722,國精化,TWSE,235,-1.5,2170191354,245,232.5
4736,泰博,TWSE,125,-1,34311920,125.5,124
4737,華廣,TWSE,59.4,0.6,5120223,59.5,58.6
4739,康普,TWSE,95.5,8.6,368827096,95.5,93
4746,台耀,TWSE,55.5,1.2,67949124,55.9,54.2
4755,三福化,TWSE,139,0,77745261,142.5,138.5
4763,材料*-KY,TWSE,41.95,0.05,229547805,42.3,41.7
4764,雙鍵,TWSE,321,-19,186982806,328.5,307
4766,南寶,TWSE,379,-13,562457175,389.5,372.5
4770,上品,TWSE,240,16.5,306334437,242,225.5
4771,望隼,TWSE,188.5,1,21346106,190,187.5
4807,日成-KY,TWSE,23.7,2.15,11660389,23.7,21.25
4904,遠傳,TWSE,96.2,0.3,272858032,96.9,95.9
4906,正文,TWSE,40.3,0.3,1811088033,41.6,38.85
4912,聯德控股-KY,TWSE,95.1,0.8,125974840,98,94
4915,致伸,TWSE,71.7,-0.8,316704622,72.8,71.6
4916,事欣科,TWSE,67,5,614267889,67.7,62.6
4919,新唐,TWSE,184,16.5,8804578506,184,156
4927,泰鼎-KY,TWSE,54.9,0.5,418286488,55.6,53.5
4930,燦星網,TWSE,17.85,0,971253,17.9,17.8
4934,太極,TWSE,18.3,-0.2,28355024,18.85,18.2
4935,茂林-KY,TWSE,36.85,-0.4,4313962,37.85,36.65
4938,和碩,TWSE,83.4,-1,835037154,84.4,82.6
4942,嘉彰,TWSE,38,-0.05,5340698,38.4,38
4943,康控-KY,TWSE,9.36,0.03,92625,9.48,9.08
4949,有成精密,TWSE,95.4,1.7,213422271,99.5,94.5
4952,凌通,TWSE,51.6,2.7,86066583,51.9,48.9
4956,光鋐,TWSE,45.35,-3.65,438259859,49.75,44.75
4958,臻鼎-KY,TWSE,412,11,17112619399,424.5,397
4960,誠美材,TWSE,39.7,0.35,959638540,41.25,36
4961,天鈺,TWSE,170.5,0.5,350403346,173,164
4967,十銓,TWSE,284.5,-13.5,6073693955,290,278
4968,立積,TWSE,121,1.5,150405741,123.5,119.5
4976,佳凌,TWSE,29,0.05,13500422,29.15,28.65
4977,眾達-KY,TWSE,246,0,3970474120,250.5,221
4989,榮科,TWSE,94.6,-0.1,702754798,96.9,92.8
4994,傳奇,TWSE,98,0.1,1168822,98.1,95.8
4999,鑫禾,TWSE,20.95,-0.05,4363402,21.1,20.6
5007,三星,TWSE,58,0,1550958,58.1,57.8
5203,訊連,TWSE,64.7,-0.9,16547983,65.6,64.6
5215,科嘉-KY,TWSE,38.3,-0.05,2612037,38.9,37.5
5222,全訊,TWSE,131.5,-7.5,204293656,136.5,130
5225,東科-KY,TWSE,73.4,-1,41759985,74.6,73.2
5234,達興材料,TWSE,414.5,6.5,324840878,424.5,403.5
5243,乙盛-KY,TWSE,107,0,491366192,111,105.5
5244,弘凱,TWSE,40.7,-1.3,23711724,41.45,40.7
5258,虹堡,TWSE,54.3,1,307361286,57,53.1
5269,祥碩,TWSE,1390,-20,5020824020,1435,1275
5283,禾聯碩,TWSE,52.3,-0.2,7118163,52.5,52
5284,jpp-KY,TWSE,367,7,624840240,372,355
5285,界霖,TWSE,67.8,6.1,197857598,67.8,64.6
5288,豐祥-KY,TWSE,154.5,2.5,26335738,157.5,150.5
5292,華懋,TWSE,223,-3,164815895,225,210
5306,桂盟,TWSE,80.8,-0.1,12591857,81.5,80.3
5388,中磊,TWSE,87.3,2.2,823797653,87.5,84.3
5434,崇越,TWSE,431,8,392223614,438,418.5
5469,瀚宇博,TWSE,85.1,3.3,512240063,86,82.1
5471,松翰,TWSE,49.85,4.5,325244760,49.85,45.5
5484,慧友,TWSE,38.2,0.25,12226760,38.5,37.7
5515,建國,TWSE,38.6,-1.35,44499649,39.9,37.8
5519,隆大,TWSE,32.95,-0.15,15065396,33.1,32.7
5521,工信,TWSE,12.1,0.55,63146309,12.15,11.65
5522,遠雄,TWSE,72.7,2.7,116014118,72.7,70.2
5525,順天,TWSE,23.4,-0.1,953151,23.6,22.9
5531,鄉林,TWSE,8.4,-0.07,5587215,8.45,8.34
5533,皇鼎,TWSE,14,-0.05,1570509,14.1,14
5534,長虹,TWSE,79.4,1,56740356,79.8,77.8
5538,東明-KY,TWSE,31,-0.15,875013,31.5,30.95
5546,永固-KY,TWSE,16.35,-0.2,65850,16.65,16.3
5607,遠雄港,TWSE,50.6,-1.3,49966982,52,50.6
5608,四維航,TWSE,15.15,0,31779477,15.3,14.95
5706,鳳凰,TWSE,51.5,0.1,10265901,51.7,51.3
5871,中租-KY,TWSE,112,-0.5,678136421,113,111
5876,上海商銀,TWSE,39.85,0.95,880327649,40.25,38.9
5880,合庫金,TWSE,23,-0.05,340907930,23.15,23
5906,台南-KY,TWSE,47.9,0.6,151102,48.6,47.05
5907,大洋-KY,TWSE,5.28,-0.02,1077858,5.38,5.28
6005,群益證,TWSE,32.25,1.7,831448439,32.6,30.6
6024,群益期,TWSE,58.2,0,26242943,59,57.8
6108,競國,TWSE,20,-1.8,142558252,20.85,19.7
6112,邁達特,TWSE,44.25,-0.1,24949440,44.85,44.05
6115,鎰勝,TWSE,47.8,-0.05,13959655,48.15,47.7
6116,彩晶,TWSE,9.71,0.51,877115049,10.1,9.4
6117,迎廣,TWSE,80.3,-0.4,36256970,81.5,80.2
6120,達運,TWSE,12.8,-0.1,36682163,13.1,12.7
6128,上福,TWSE,20.35,-0.15,1635396,20.55,20.3
6133,金橋,TWSE,21.9,-0.05,13743002,22.25,21.8
6136,富爾特,TWSE,25.55,-0.4,17646786,26.15,25.5
6139,亞翔,TWSE,679,-35,4507306098,719,655
6141,柏承,TWSE,33.25,0.15,46038184,34.5,31.45
6142,友勁,TWSE,8.6,-0.13,7216668,8.92,8.59
6152,百一,TWSE,14.85,1.35,18495182,14.85,14.6
6153,嘉聯益,TWSE,18.05,-0.3,92461612,19.05,18
6155,鈞寶,TWSE,51.2,-2,283925834,53.5,49.65
6164,華興,TWSE,12.3,-0.15,6515856,12.6,12.2
6165,浪凡,TWSE,51.8,-0.2,56510811,53.5,51.5
6166,凌華,TWSE,92.7,5.4,421959552,93.4,85.6
6168,宏齊,TWSE,26.5,0.4,56986443,27,26.25
6176,瑞儀,TWSE,104,-0.5,623211747,105,102.5
6177,達麗,TWSE,47.05,0.25,57319834,47.2,46.55
6183,關貿,TWSE,92,-0.7,2333111,93,92
6184,大豐電,TWSE,46.7,0,4270280,46.8,46.55
6189,豐藝,TWSE,48.2,-0.8,66426279,49.7,47.8
6191,精成科,TWSE,94.8,-0.7,634411233,96.7,94
6192,巨路,TWSE,128,4,100982703,129,125
6196,帆宣,TWSE,425,15,1865236616,437.5,410
6197,佳必琪,TWSE,229,10.5,816556020,234,220.5
6201,亞弘電,TWSE,49.95,-0.65,1987003,50.6,49.95
6202,盛群,TWSE,59.5,4.3,442413463,60.2,55.1
6205,詮欣,TWSE,86.1,1.2,281286057,87.5,81
6206,飛捷,TWSE,130.5,11.5,657651181,130.5,127
6209,今國光,TWSE,65.8,-0.2,478232267,68.3,64.5
6213,聯茂,TWSE,300.5,13,1515812545,302.5,285
6214,精誠,TWSE,127,1.5,117821095,128,125
6215,和椿,TWSE,119.5,7.5,857216528,122,114.5
6216,居易,TWSE,23.55,-0.3,6132230,24,23.55
6224,聚鼎,TWSE,75.7,-3,125291481,78.7,73.9
6225,天瀚,TWSE,24.9,0.5,708210,26,24.5
6226,光鼎,TWSE,12.2,-0.1,12826313,12.4,12.05
6230,尼得科超眾,TWSE,154,-2.5,24654737,161,151
6235,華孚,TWSE,43.6,0.6,33536777,43.65,42.5
6239,力成,TWSE,225.5,3.5,3403235325,231,223
6243,迅杰,TWSE,34.45,0,10253780,35.25,34.25
6257,矽格,TWSE,212.5,1.5,2499075841,214.5,204.5
6269,台郡,TWSE,58,-5.2,558608382,61.1,57.3
6271,同欣電,TWSE,185.5,4,995716644,185.5,178.5
6272,驊陞,TWSE,30.8,-0.75,19429136,31.6,30.8
6277,宏正,TWSE,71.8,1.3,16801939,72.5,70.1
6278,台表科,TWSE,215.5,14.5,8214372263,221,190
6281,全國電,TWSE,51.5,0.5,7879822,51.5,50.5
6282,康舒,TWSE,55.4,5,4940744214,55.4,51.6
6283,淳安,TWSE,25.1,-0.55,14286720,25.4,24.65
6285,啟碁,TWSE,259,11.5,6949732179,266.5,250.5
6405,悅城,TWSE,58,-6.4,47749050,58.5,58
6409,旭隼,TWSE,764,-57,1908600215,809,747
6412,群電,TWSE,93.6,7.6,504498303,94,87
6414,樺漢,TWSE,359,12.5,747920066,359,342
6415,矽力*-KY,TWSE,468,42.5,4150415327,468,425
6416,瑞祺電通,TWSE,83.8,-0.7,29137365,84.8,82.9
6426,統新,TWSE,260,-2,1546595533,268.5,245.5
6431,光麗-KY,TWSE,20.15,-0.85,5343423,21,18.9
6438,迅得,TWSE,171,0.5,171494515,175,170
6442,光聖,TWSE,1950,-15,7360427900,1990,1870
6443,元晶,TWSE,41.4,1.45,173231214,41.4,40
6446,藥華藥,TWSE,706,-18,2667382066,729,700
6449,鈺邦,TWSE,180.5,-2.5,243072149,186,176.5
6451,訊芯-KY,TWSE,455.5,14.5,1801048517,468,423
6456,GIS-KY,TWSE,66.6,1.1,429193986,67.9,63.9
6464,台數科,TWSE,76.5,0.3,1226880,77,75.6
6472,保瑞,TWSE,408.5,-10.5,578009054,419,402
6477,安集,TWSE,34.5,-0.55,32077658,35.25,34.5
6491,晶碩,TWSE,285.5,2.5,131954175,288,284
6504,南六,TWSE,40.75,0.95,3793772,41.2,39.9
6505,台塑化,TWSE,54,1,503327914,54.4,53.3
6515,穎崴,TWSE,10090,460,2469851705,10195,9545
6525,捷敏-KY,TWSE,109.5,3,186821857,111,103
6526,達發,TWSE,750,-3,2744115133,782,739
6531,愛普*,TWSE,962,87,2700640883,962,875
6533,晶心科,TWSE,253,14.5,453303979,260,235.5
6534,正瀚-創,TWSE,97.6,1.8,17479480,97.8,94.4
6541,泰福-KY,TWSE,39.85,0.55,24837632,41.9,39.65
6550,北極星藥業-KY,TWSE,16.9,-0.7,33022374,17.85,16.8
6552,易華電,TWSE,30.5,0.9,11031406,30.9,29.55
6558,興能高,TWSE,30.2,0.95,32532415,31.1,29.15
6573,虹揚-KY,TWSE,12.3,-0.4,2405018,12.9,12.25
6579,研揚,TWSE,139,4,130599192,142.5,138
6581,鋼聯,TWSE,108,-2,5085079,110,105.5
6582,申豐,TWSE,31.45,-0.25,3701664,32.45,31.1
6585,鼎基,TWSE,93.6,-0.4,36135305,98,93.2
6589,台康生技,TWSE,45.1,-0.25,25624244,45.75,44.75
6591,動力-KY,TWSE,56.4,-1.5,34323765,56.9,55.5
6592,和潤企業,TWSE,60.9,0.2,38238485,61.1,60.6
6598,ABC-KY,TWSE,22.7,0.2,4195271,23.2,22.55
6605,帝寶,TWSE,129,-1,38366783,131.5,128.5
6606,建德工業,TWSE,25.2,-0.15,2346360,25.45,25.05
6614,資拓宏宇,TWSE,40.95,-0.05,3400710,41.45,40.9
6625,必應,TWSE,73.4,-0.6,16151243,74,73.1
6641,基士德-KY,TWSE,19.1,-0.1,939771,19.5,19
6645,金萬林-創,TWSE,12.95,-0.05,260839,12.95,12.7
6655,科定,TWSE,138.5,0,1010622,138.5,137
6657,華安,TWSE,39.9,-1.1,16297104,41,38.7
6658,聯策,TWSE,176.5,16,99583968,176.5,166
6666,羅麗芬-KY,TWSE,41.55,0.15,1295158,42.2,41.05
6668,中揚光,TWSE,36.6,-0.1,10226494,37.5,36.5
6669,緯穎,TWSE,5340,140,11601970360,5345,5115
6670,復盛應用,TWSE,262.5,8.5,122828662,263,254
6671,三能-KY,TWSE,29.7,-0.35,955550,30.1,29.6
6672,騰輝電子-KY,TWSE,209,1,1111598447,211,197
6674,鋐寶科技,TWSE,18.1,-0.3,313770,18.3,18.05
6689,伊雲谷,TWSE,70.1,0.6,20174514,71.5,68.9
6691,洋基工程,TWSE,643,-11,356329894,660,630
6695,芯鼎,TWSE,54,1.1,457907325,56.5,51.2
6698,旭暉應材,TWSE,31.2,-1.7,18753534,32.8,30.7
6706,惠特,TWSE,168.5,-4,1060485542,174.5,167
6715,嘉基,TWSE,489.5,44.5,974319281,489.5,440.5
6719,力智,TWSE,190,3,151742232,193,185.5
6722,輝創,TWSE,40.35,-0.35,2124262,40.5,39.55
6742,澤米,TWSE,39.5,0.85,8040819,39.7,38.4
6743,安普新,TWSE,29.95,0.15,21722405,30.5,29.85
6753,龍德造船,TWSE,131.5,-13.5,534123540,140,130.5
6754,匯僑設計,TWSE,45.2,-0.75,985502,45.95,45.2
6756,威鋒電子,TWSE,95.6,2.8,54029845,97.5,92.4
6757,台灣虎航,TWSE,55.2,-1.8,136424681,57.2,54.1
6768,志強-KY,TWSE,92,4.5,143940901,92.5,87
6770,力積電,TWSE,62.5,1.1,18090492483,66,62.5
6771,平和環保-創,TWSE,43.9,0.1,845964,44,43.75
6776,展碁國際,TWSE,58.1,-0.2,23530380,58.9,58.1
6781,AES-KY,TWSE,1320,90,5670593070,1345,1240
6782,視陽,TWSE,194.5,-1.5,113213856,198,188.5
6789,采鈺,TWSE,600,-3,6263304528,616,587
6790,永豐實,TWSE,39.9,-0.15,10367589,40.25,39.9
6792,詠業,TWSE,56.1,-0.7,3591847,57,56.1
6794,向榮生技,TWSE,82.6,-0.7,5410122,84,82
6796,晉弘,TWSE,66,-3.7,15408675,69,66
6799,來頡,TWSE,90.8,1.9,46382949,91.7,89.4
6805,富世達,TWSE,1995,15,3908065560,2055,1965
6806,森崴能源,TWSE,19.55,-0.8,23013094,20,18.5
6807,峰源-KY,TWSE,35.05,-0.35,595500,35.2,34.5
6830,汎銓,TWSE,754,-33,2424321272,815,752
6831,邁科,TWSE,594,54,1276614763,594,537
6834,天二科技,TWSE,47.85,-0.25,372434429,49.65,46.05
6835,圓裕,TWSE,37.5,-0.9,5352358,38.7,37.5
6838,台新藥,TWSE,26.9,0,4385018,26.9,26.45
6854,錼創科技-KY創,TWSE,145.5,-1.5,76808148,147.5,143
6861,睿生光電,TWSE,389,13,166854486,389,379
6862,三集瑞-KY,TWSE,168.5,-18.5,305981484,180,168.5
6863,永道-KY,TWSE,113,10,28590485,113,112
6869,雲豹能源,TWSE,86.9,-0.4,64249572,88,85.5
6873,泓德能源,TWSE,94.1,2.2,51785259,94.5,91
6885,全福生技,TWSE,22.6,0.2,4760412,22.6,22.15
6887,寶綠特-KY,TWSE,39.35,-0.6,1285532,41.45,39.35
6890,來億-KY,TWSE,161,7,88105963,163,152.5
6901,鑽石投資,TWSE,14.05,1.05,62220740,14.3,13.65
6902,GOGOLOOK,TWSE,102.5,-0.5,11488590,102.5,100.5
6906,現觀科,TWSE,69.9,2.2,63159672,72.7,67.7
6908,宏碁遊戲-創,TWSE,39.45,-0.65,869810,40,39.15
6909,創控,TWSE,56.3,-0.6,49266802,56.8,55.1
6914,阜爾運通,TWSE,146,1,11610024,146.5,144.5
6916,華凌,TWSE,18.55,-0.25,630250,18.65,18.35
6918,愛派司,TWSE,79.2,4.8,13504370,80,76.6
6919,康霈*,TWSE,103,-1,388720289,104,100.5
6921,嘉雨思-創,TWSE,82.4,-8.5,13478675,89.5,82
6923,中台,TWSE,80.9,-2.1,15725275,83,80.6
6924,榮惠-KY創,TWSE,103,9,28815901,103,98.1
6928,攸泰科技,TWSE,48.5,-1.4,7474731,49.4,48.2
6931,青松健康,TWSE,42.5,-1.1,6245599,43.85,42.5
6933,AMAX-KY,TWSE,163,-2,27812340,167,162
6934,心誠鎂,TWSE,78,-0.1,7776441,79.7,75.9
6936,永鴻生技,TWSE,34.2,-0.1,1738322,34.45,34.05
6937,天虹,TWSE,295.5,-11,278106968,303,291.5
6944,兆聯實業,TWSE,923,-41,1354426838,962,918
6949,沛爾生醫-創,TWSE,687,-3,98190861,695,665
6951,青新-創,TWSE,81.8,-0.2,4415696,82.6,81.4
6952,大武山,TWSE,37.05,-0.5,1290883,38.4,37.05
6955,邦睿生技-創,TWSE,158.5,-0.5,954000,159.5,158.5
6957,裕慶-KY,TWSE,159,-0.5,24577026,159,155
6958,日盛台駿,TWSE,19,-0.05,1378412,19.25,18.95
6962,奕力-KY,TWSE,38.1,-0.2,238301489,38.9,37.05
6965,中傑-KY,TWSE,85.2,0.5,3743597,85.7,84.7
6969,成信實業*-創,TWSE,28.5,-0.45,1996241,29.15,28.3
6988,威力暘-創,TWSE,14.9,0.4,1378950,15.25,14.5
6994,富威電力,TWSE,64.3,-0.1,16853921,65.2,64
7610,聯友金屬-創,TWSE,830,38,629742477,835,760
7631,聚賢研發-創,TWSE,128.5,5,13652974,131.5,122
7705,三商餐飲,TWSE,31.4,-0.9,7120458,32.3,31.2
7711,永擎,TWSE,420.5,-46.5,114532237,420.5,420.5
7721,微程式,TWSE,79.3,7.2,66207858,79.3,72
7722,LINEPAY,TWSE,277,-3.5,32268505,278.5,275
7730,暉盛-創,TWSE,181,13,21399979,182,168
7732,金興精密,TWSE,35.8,-0.05,142700,35.85,35.25
7736,虎山,TWSE,75.2,-1.5,4175846,76.5,74.2
7740,熙特爾-創,TWSE,171,0.5,35297776,173,166.5
7749,意騰-KY,TWSE,535,21,1278820738,560,518
7750,新代,TWSE,2795,250,711120760,2795,2790
7760,享溫馨,TWSE,34.3,-0.2,4319292,34.5,34.2
7765,中華資安,TWSE,249.5,6,50750810,255,245
7768,頌勝科技,TWSE,354,4,252895358,365,330
7769,鴻勁,TWSE,6380,580,9235186735,6380,5805
7780,大研生醫*,TWSE,18.5,-0.15,38895074,19,18.45
7786,東方風能,TWSE,139.5,0,25574369,142,138
7788,松川精密,TWSE,182.5,6.5,130398560,185,173
7791,皇家可口,TWSE,63.7,-0.7,4274396,64.4,62.7
7795,長廣,TWSE,364,1,213820431,379.5,361.5
7799,禾榮科,TWSE,334.5,-9,125289710,349,332.5
7821,神數,TWSE,44.85,-0.6,10155904,45.4,44.5
7822,倍利科,TWSE,1295,35,231567270,1305,1275
7823,奧義賽博-KY創,TWSE,89,-0.9,4129511,90.7,88.9
8011,台通,TWSE,19.3,0,20518791,19.5,19.2
8016,矽創,TWSE,268.5,-4.5,690783569,275.5,268
8021,尖點,TWSE,429,28,835451518,429,393
8028,昇陽半導體,TWSE,234,8,1511756694,236,226
8033,雷虎,TWSE,144,-15,1599389104,147.5,143.5
8039,台虹,TWSE,135.5,3,939793276,137,130
8045,達運光電,TWSE,74.6,1.3,31070139,77.5,74.2
8046,南電,TWSE,908,54,12287034400,918,857
8070,長華*,TWSE,48.25,0.05,127484988,48.8,47.8
8072,陞泰,TWSE,28,-0.75,9524518,28.4,27.5
8081,致新,TWSE,264,10.5,386871952,268,252.5
8101,華冠,TWSE,12.6,0.15,109926,12.6,12.45
8103,瀚荃,TWSE,115.5,-0.5,404135589,122.5,115
8104,錸寶,TWSE,34.7,0.95,27238537,35.3,33.75
8105,凌巨,TWSE,13.45,-0.1,25054655,13.75,13.3
8110,華東,TWSE,50.7,2.15,921948370,52.6,50
8112,至上,TWSE,86.8,-2.5,2463202556,89.7,84.7
8114,振樺電,TWSE,218,19.5,763777902,218,208
8131,福懋科,TWSE,67.5,1.6,510131784,69.6,67.1
8150,南茂,TWSE,91,-1.7,4787948288,97.9,90.3
8162,微矽電子-創,TWSE,55,0.3,43299085,57,54.8
8163,達方,TWSE,30.2,0.45,67154368,30.25,29.15
8201,無敵,TWSE,12.75,0.05,943380,13,12.6
8210,勤誠,TWSE,1555,140,5651291425,1555,1455
8213,志超,TWSE,41.8,3.8,283740915,41.8,39
8215,明基材,TWSE,27.8,0.75,79890487,28.1,27.05
8222,寶一,TWSE,35.5,-2.45,29690092,37.65,34.85
8249,菱光,TWSE,51,1.35,42263702,51.5,49.85
8261,富鼎,TWSE,135,9,1618820553,137.5,124.5
8271,宇瞻,TWSE,256,-4.5,2946318547,266,247
8341,日友,TWSE,76.1,0.3,15312082,76.4,75.8
8367,建新國際,TWSE,41.95,-0.1,2797983,42.15,41.9
8374,羅昇,TWSE,89.5,0.9,78036902,91.7,88
8404,百和興業-KY,TWSE,17.2,0.05,4269552,17.3,17.05
8411,福貞-KY,TWSE,12.25,0,1111753,12.25,12.1
8422,可寧衛*,TWSE,27.95,0.05,207457143,28.15,27.6
8429,金麗-KY,TWSE,6.44,-0.09,2463365,6.53,6.41
8438,昶昕,TWSE,98.7,8.9,219868318,98.7,96.4
8442,威宏-KY,TWSE,50.4,0,2374172,50.4,49.65
8443,阿瘦,TWSE,11.7,-0.1,285388,11.75,11.65
8454,富邦媒,TWSE,194,-2,181976423,200,193
8462,柏文,TWSE,147.5,-0.5,17875509,150,147.5
8463,潤泰材,TWSE,22.1,-0.1,1771589,22.25,22.1
8464,億豐,TWSE,335,-8,283943805,342,331
8466,美吉吉-KY,TWSE,15.5,-0.05,977468,15.6,15.3
8467,波力-KY,TWSE,133,2.5,5173851,139.5,132.5
8473,山林水,TWSE,34.2,-0.4,22797518,34.6,34.15
8476,台境*,TWSE,17.1,-0.05,8226266,17.15,16.95
8478,東哥遊艇,TWSE,163,-6,56228184,169,163
8481,政伸,TWSE,40.65,-0.25,1365095,40.8,40.6
8482,商億-KY,TWSE,49,-1,208940,50,49
8487,愛爾達-創,TWSE,77.8,-0.9,8078229,78.7,76.9
8488,吉源-KY,TWSE,10,-0.1,40090,10.1,9.99
8499,鼎炫-KY,TWSE,279,-3,47300190,295,278
8926,台汽電,TWSE,51.5,2.4,509868197,52.5,49.3
8940,新天地,TWSE,18.05,-0.25,536187,18.65,18.05
8996,高力,TWSE,1055,40,3162862820,1065,1010
9103,美德醫療-DR,TWSE,4.91,0.05,22385900,5.34,4.87
9105,泰金寶-DR,TWSE,5.8,0.12,102211502,5.85,5.7
9110,越南控-DR,TWSE,2.88,-0.04,267844,2.98,2.77
9802,鈺齊-KY,TWSE,83.1,2.7,164413918,85.7,80.7
9902,台火,TWSE,14.1,0.2,2772241,14.2,13.9
9904,寶成,TWSE,25.8,-0.1,454311096,26.2,25.75
9905,大華,TWSE,21.3,0,2555992,21.4,21
9906,欣巴巴,TWSE,36.2,0,6098319,36.5,35.85
9907,統一實,TWSE,17,-0.1,74544383,17.15,16.9
9908,大台北,TWSE,29.35,-0.1,19345668,29.5,29.3
9910,豐泰,TWSE,74.4,0.6,216251542,77.5,73.8
9911,櫻花,TWSE,84.2,1,34391748,84.3,83
9912,偉聯,TWSE,12.35,-0.3,2081761,12.65,12.25
9914,美利達,TWSE,57.5,1.8,95145299,58.5,55.5
9917,中保科,TWSE,113,-1,45444140,114,112.5
9918,欣天然,TWSE,42.65,-0.15,4001814,43.5,42.5
9919,康那香,TWSE,14.65,0.1,14566901,15.3,14.6
9921,巨大,TWSE,69.8,3.8,213079081,70.8,67.4
9924,福興,TWSE,42.85,-0.45,10424089,43,42.7
9925,新保,TWSE,40.3,-0.1,10435423,40.4,40.25
9926,新海,TWSE,49.2,-0.15,2703505,49.35,49.2
9927,泰銘,TWSE,68.4,-0.8,12924447,68.7,67.8
9928,中視,TWSE,17.7,0.05,1561714,17.7,17.45
9929,秋雨,TWSE,12,-0.45,147708,12.35,12
9930,中聯資源,TWSE,69.8,-0.2,4831956,70.2,69.8
9931,欣高,TWSE,34.45,-0.15,2016858,35,34.4
9933,中鼎,TWSE,36.45,-0.35,119082957,36.95,36.2
9934,成霖,TWSE,9.88,0.61,25034795,9.98,9.78
9935,慶豐富,TWSE,18.35,0.1,4028353,18.35,18.15
9937,全國,TWSE,56.6,-0.5,807895,56.9,56.6
9938,百和,TWSE,45.25,0.45,96782117,45.7,44.7
9939,宏全,TWSE,120,8.5,575392299,121,113
9940,信義,TWSE,19.2,-0.4,26159038,19.5,19.15
9941,裕融,TWSE,75.2,-0.5,125505865,76,75
9942,茂順,TWSE,120.5,-1,20680561,122.5,120
9943,好樂迪,TWSE,56,-0.5,6531835,56.5,55.8
9944,新麗,TWSE,17.1,0.6,4086327,17.1,16.7
9945,潤泰新,TWSE,23.6,0.2,145282290,23.6,23.3
9946,三發地產,TWSE,16.6,0.45,10242459,16.7,16.2
9955,佳龍,TWSE,30.1,0.25,16784379,30.9,29.85
9958,世紀鋼,TWSE,103.5,0.5,109125687,104.5,102.5
1240,茂生農經,TPEX,59,0,3179140,59.5,58.6
1259,安心,TPEX,57.5,0,719409,57.5,56.7
1264,德麥,TPEX,271.5,0,16670691,274,271.5
1268,漢來美食,TPEX,159.5,1,15075518,160,159
1294,漢田生技,TPEX,79.2,1.2,1575831,79.2,78.1
1295,生合,TPEX,53.7,-0.4,4550721,54.2,53.4
1336,台翰,TPEX,13.8,-0.05,991003,13.95,13.8
1565,精華,TPEX,100,-2.5,40480709,102.5,100
1569,濱川,TPEX,55.8,-0.3,102618265,57.8,55.4
1570,力肯,TPEX,39.95,2.45,18572987,40.35,37.6
1580,新麥,TPEX,123.5,-1,10131952,124.5,122.5
1584,精剛,TPEX,20.4,0.3,39085202,21.5,20.1
1586,和勤,TPEX,21.65,-0.05,3800609,21.8,21.45
1591,駿吉-KY,TPEX,63.6,-0.9,86769382,66.1,62.9
1593,祺驊,TPEX,32.5,1.6,2332693,32.5,31.1
1595,川寶,TPEX,94.1,-4.1,95586252,94.6,92.5
1599,宏佳騰,TPEX,24.45,-0.3,1252633,24.65,24.35
1742,台蠟,TPEX,15.75,0.25,533272,15.85,15.35
1777,生泰,TPEX,71.1,-0.8,1649511,71.9,71
1781,合世,TPEX,10.85,0,673201,10.85,10.75
1784,訊聯,TPEX,73.5,0.9,16503223,74,72.7
1785,光洋科,TPEX,159,-8,7466030204,168,152.5
1788,杏昌,TPEX,135,-0.5,6429647,135.5,134.5
1796,金穎生技,TPEX,37.35,-0.2,710278,37.6,37.35
1799,易威,TPEX,35.85,-0.15,3880564,36.95,35.85
1813,寶利徠,TPEX,12.25,-0.05,384024,12.25,12.2
1815,富喬,TPEX,110.5,3.5,3897880153,114,107
2035,唐榮,TPEX,28.35,0.5,3407628,28.35,27.45
2061,風青,TPEX,22,1.4,67971107,22.65,20.7
2063,世鎧,TPEX,26.15,0.6,1977132,26.15,25.5
2064,晉椿,TPEX,12.6,-0.2,659021,12.8,12.55
2065,世豐,TPEX,32.35,2.25,26290370,33.1,30.7
2066,世德,TPEX,47,2.9,3134385,47,43
2067,嘉鋼,TPEX,7.24,-0.27,698691,7.51,6.85
2070,精湛,TPEX,69.5,-2.7,104574432,72.8,68.9
2221,大甲,TPEX,38,2.1,22245975,38.2,35.9
2230,泰茂,TPEX,31.35,-2.5,32921535,33.15,31.3
2235,謚源,TPEX,30.3,0.4,183100,30.7,30.3
2596,綠意,TPEX,29.5,0.55,2132510,29.55,29.4
2640,大車隊,TPEX,166.5,-3,8310228,169,165
2641,正德,TPEX,18,-0.05,34390699,18.15,17.95
2643,捷迅,TPEX,66.9,-0.6,2188141,67.5,66.6
2718,全心投控,TPEX,41.2,-0.5,4038450,41.75,41.15
2719,燦星旅,TPEX,26.15,-0.2,356591,26.9,26
2724,藝舍-KY,TPEX,14.05,-0.1,454085,14.15,14.05
2726,雅茗-KY,TPEX,10.1,-0.05,240811,10.15,10.05
2729,瓦城,TPEX,165,-1,6842264,166,164.5
2732,六角,TPEX,65.7,-1.2,5550221,66.9,65.3
2734,易飛網,TPEX,15.6,-0.2,3415494,15.8,15.5
2736,富野,TPEX,12.45,-0.05,953869,12.5,12.4
2740,華軒,TPEX,38.9,-0.95,274182,40.45,38
2743,山富,TPEX,69.6,-0.3,11004304,70,69.3
2745,五福,TPEX,101.5,0,24891022,102.5,101.5
2751,王座,TPEX,54.1,-1.3,664784,54.1,53.6
2752,豆府,TPEX,182,-2,5081413,183,181.5
2754,亞洲藏壽司,TPEX,69,-0.2,1561741,69,67.9
2755,揚秦,TPEX,133,-2.5,7141710,135,133
2756,聯發國際,TPEX,61.5,-4.2,11982355,64.9,60.5
2916,滿心,TPEX,44.75,0.2,6528075,45.15,44.7
2926,誠品生活,TPEX,37,-0.2,1134807,37.2,37
2937,集雅社,TPEX,44.4,0.9,682884,44.4,43
2941,米斯特,TPEX,30,-0.1,477435,30,29.5
2947,振宇五金,TPEX,78.4,-0.3,3316690,78.8,78.1
2948,寶陞,TPEX,38.1,0,254524,38.1,38
2949,欣新網,TPEX,53.5,1.1,737681,54.4,52.8
3064,泰偉,TPEX,20.75,-0.15,69780,20.8,20.6
3066,李洲,TPEX,18.45,0.15,7238658,18.85,17.95
3071,協禧,TPEX,30.9,1.6,36133435,31.1,29.85
3073,天方能源,TPEX,21.1,-1.15,8072454,22.35,21
3078,僑威,TPEX,57.2,-0.3,55906620,57.7,56.5
3081,聯亞,TPEX,2780,160,6222684430,2820,2630
3083,網龍,TPEX,26.8,-0.1,2160916,27,26.75
3085,新零售,TPEX,12.95,1.15,313073,12.95,11.9
3086,華義*,TPEX,40.05,0.15,25686132,41.5,39.8
3088,艾訊,TPEX,128,3.5,295152592,131,122
3093,港建*,TPEX,59.5,0.3,76069685,61.7,59
3095,及成,TPEX,46.6,1.8,6944074,49.25,46
3105,穩懋,TPEX,526,33.5,13102121253,538,493.5
3114,好德,TPEX,26.25,0.25,1853832,26.4,26.2
3115,富榮綱,TPEX,9.87,0.21,281984,9.89,9.66
3118,進階,TPEX,33.65,-0.15,915636,33.65,33.55
3122,笙泉,TPEX,38.5,-1.7,149422395,40.15,38.2
3128,昇銳,TPEX,23.45,-0.25,2954358,24,23.4
3131,弘塑,TPEX,3090,150,2339403390,3110,2895
3141,晶宏,TPEX,57.3,2.3,157131601,58.6,54
3147,大綜,TPEX,181,2,56700805,185,180
3152,璟德,TPEX,175.5,1.5,300633607,176,167.5
3158,嘉實,TPEX,88.8,-0.2,2124545,89.1,88.7
3162,精確,TPEX,90.5,-0.6,743669616,92.3,86.1
3163,波若威,TPEX,1040,30,797389375,1050,1000
3169,亞信,TPEX,116.5,4,163696425,118.5,111
3171,炎洲流通,TPEX,67.6,3.6,12367326,70.4,66.3
3176,基亞,TPEX,32.6,-0.45,8698146,33,32.5
3178,公準,TPEX,67.2,-1.8,10524171,68.9,67.1
3188,鑫龍騰,TPEX,24.1,-0.25,9082559,24.5,24
3191,雲嘉南,TPEX,13.65,0.05,411380,14.3,13.65
3205,佰研,TPEX,56.4,0,8669040,57.6,56
3206,志豐,TPEX,39.05,3.1,22486426,39.05,35.05
3207,耀勝,TPEX,59.2,-0.3,20459749,59.7,58
3211,順達,TPEX,403,21.5,5814656618,417,384.5
3213,茂訊,TPEX,116.5,-1,77365679,118.5,115
3217,優群,TPEX,178,2,408165408,178.5,167
3218,大學光,TPEX,135.5,3,51559352,136.5,133
3219,倚強科,TPEX,75.5,6.8,43020740,75.5,74
3221,台嘉碩,TPEX,43.8,-1.4,287215087,45.4,42
3224,三顧,TPEX,42.25,-0.95,10583309,43.5,41.5
3226,龍鋒,TPEX,41,-0.05,293101,41,37.55
3227,原相,TPEX,231.5,5,972688597,234.5,224.5
3228,金麗科,TPEX,241.5,-0.5,220189492,250,232
3230,錦明,TPEX,32.55,-1.65,27844664,32.9,32.1
3232,昱捷,TPEX,20.85,0.05,1484268,21.05,20.8
3234,光環,TPEX,97.5,-0.5,225422126,102.5,96
3236,千如,TPEX,34.6,0.6,212824147,34.75,32.2
3252,海灣,TPEX,19,0,20234,19,19
3259,鑫創,TPEX,17.7,0.2,1212022,18.4,17.3
3260,威剛,TPEX,457,8.5,11985638552,469,454.5
3264,欣銓,TPEX,225.5,1.5,1871670614,228.5,216.5
3265,台星科,TPEX,180.5,1.5,404376053,185,175
3268,海德威,TPEX,18.5,0.15,3625904,18.8,17.8
3272,東碩,TPEX,18.45,0,2018557,18.65,18
3276,宇環,TPEX,16.5,0.3,85868896,17.5,15.7
3284,太普高,TPEX,17.45,-0.25,16269408,18.4,17.35
3285,微端,TPEX,29,-0.25,473971,29.55,28.9
3287,廣寰科,TPEX,28.05,-0.35,3721779,28.3,27.7
3288,點晶,TPEX,15.1,0.25,75349,15.1,14.8
3289,宜特,TPEX,181.5,6,966390932,186.5,172
3290,東浦,TPEX,48.6,2,41333078,48.75,46.8
3293,鈊象,TPEX,731,-4,803232713,741,727
3294,英濟,TPEX,30.7,0.45,17146644,30.85,30.3
3297,杭特,TPEX,32.6,0.8,5297247,32.6,30.35
3303,岱稜,TPEX,52,0,20168799,52.9,51.7
3306,鼎天,TPEX,46.4,-1.1,11943436,47.65,46.4
3310,佳穎,TPEX,69,0.1,622600,69.8,68.9
3313,斐成,TPEX,11.4,-0.3,4615395,11.7,11.3
3317,尼克森,TPEX,68.2,6,733405169,68.4,62.6
3322,建舜電,TPEX,13.15,0.05,7148109,13.4,13.05
3323,加百裕,TPEX,36.3,1.55,131723719,37.25,34.95
3324,雙鴻,TPEX,1070,5,3654016965,1090,1055
3325,旭品,TPEX,12.75,0.15,1991108,12.95,12.7
3332,幸康,TPEX,66,0.8,3857936,67.9,65.3
3339,泰谷,TPEX,54,-4.8,268784051,57,53
3349,寶德,TPEX,21.15,-2.3,5109776,23,21.15
3354,律勝,TPEX,35,-0.4,142534845,37.5,34.25
3357,臺慶科,TPEX,186.5,-1,1053010016,190.5,177
3360,尚立,TPEX,14.55,0.5,12313671,14.55,14
3362,先進光,TPEX,102,-2.5,176437453,108.5,102
3363,上詮,TPEX,853,43,3429056177,870,807
3372,典範,TPEX,19.75,0,13412336,20.2,19.6
3373,熱映,TPEX,16.85,0,1280839,17.3,16.85
3374,精材,TPEX,249,22.5,4873489847,249,239
3379,彬台,TPEX,36.6,-0.7,12648131,37.3,36.2
3388,崇越電,TPEX,110,0.5,173728520,112,107
3390,旭軟,TPEX,27.75,0.65,51938118,28.5,27.1
3402,漢科,TPEX,139.5,0.5,118640234,141.5,138.5
3426,台興,TPEX,47.7,0,2301794,47.7,47.7
3430,奇鈦科,TPEX,168,15,432010671,168,159
3434,哲固,TPEX,28.65,0,1630713,28.8,28.55
3438,類比科,TPEX,63.9,-0.9,29645580,66.8,63
3441,聯一光,TPEX,40.55,-2.25,109128382,43.7,40
3444,利機,TPEX,89.2,0.2,21178183,90.6,88.1
3455,由田,TPEX,286,26,247051929,286,254.5
3465,進泰電子,TPEX,27.9,0.4,2131778,29.15,27.55
3466,德晉,TPEX,39.75,-1.35,44417728,41.8,39.6
3467,台灣精材,TPEX,71.4,-0.6,52405760,74.9,70
3479,安勤,TPEX,97.1,0.9,55188232,98.9,96
3483,力致,TPEX,90.9,-0.4,64782028,92.1,90
3484,崧騰,TPEX,43.8,-1.05,24341362,44.7,43.75
3485,敘豐,TPEX,314.5,44.5,311920383,314.5,263
3489,森寶,TPEX,22.4,0.25,2399357,22.55,22.3
3490,單井,TPEX,30.75,-0.2,58736871,32.55,30.7
3491,昇達科,TPEX,1820,165,7844170910,1820,1680
3492,長盛,TPEX,22.9,0.15,758322,23,22.75
3498,陽程,TPEX,102.5,9,149655680,102.5,102.5
3499,環天科,TPEX,15.05,-0.45,3832033,15.35,14.8
3508,位速,TPEX,21,-1,11462339,22.1,20.75
3511,矽瑪,TPEX,21.5,-0.5,9920649,22.1,21.45
3512,皇龍,TPEX,20.35,0.15,1164491,20.45,20.25
3516,亞帝歐,TPEX,21.2,0.7,4814332,21.5,20.5
3520,華盈,TPEX,15.45,-0.1,4577875,15.95,15.45
3521,台鋼建設,TPEX,13.25,-0.45,2107047,13.65,13.2
3522,御嵿,TPEX,12.55,0.05,4879980,12.6,12
3523,迎輝,TPEX,12.4,-0.25,236930,12.4,12.15
3526,凡甲,TPEX,388,-7,401351212,392,377.5
3527,聚積,TPEX,64.9,0.7,59911975,67.8,63.2
3529,力旺,TPEX,4460,125,6828989940,4665,4295
3531,先益,TPEX,23.05,-0.15,98665,23.05,22.85
3537,堡達,TPEX,48.15,1.45,38241635,48.7,45.8
3540,曜越,TPEX,27.7,0.35,9031171,27.8,27
3541,西柏,TPEX,23.05,-0.1,2709481,23.3,22.9
3546,宇峻,TPEX,68,0.4,10944206,68.4,67.5
3548,兆利,TPEX,100.5,0.5,58758193,100.5,98.1
3551,世禾,TPEX,218,8,906577828,224.5,214
3552,同致,TPEX,55,0.4,13402528,55.4,53.8
3555,博士旺,TPEX,218,-6.5,83383122,227,213
3556,禾瑞亞,TPEX,54.2,1.6,37792420,55.4,52.1
3558,神準,TPEX,110.5,-1.5,21609607,112,110
3564,其陽,TPEX,42.8,1.9,15571103,43.55,41.25
3567,逸昌,TPEX,29.35,-0.45,6219087,30.6,29.1
3570,大塚,TPEX,175.5,9,48230151,183,169.5
3577,泓格,TPEX,92.1,2.6,65047435,98.2,91.3
3580,友威科,TPEX,97,8.2,365639535,97.6,88.1
3581,博磊,TPEX,236.5,1.5,66592307,240,231
3587,閎康,TPEX,350.5,31.5,793098235,350.5,346
3594,磐儀,TPEX,56,0.6,66374771,56.8,54.6
3597,映興,TPEX,28.2,2.55,19468854,28.2,26
3609,三一東林,TPEX,22.8,0.2,1713081,22.8,22
3611,鼎翰,TPEX,191,1,20930878,193,189.5
3615,安可,TPEX,33.5,-0.6,44657830,34.1,32
3623,富晶通,TPEX,23.1,-0.45,2619345,23.4,22.9
3624,光頡,TPEX,63,4,478208028,63.3,57.1
3625,西勝,TPEX,15.1,-0.2,8430054,15.35,14.75
3628,盈正,TPEX,67.4,-0.2,8154264,68.4,66.8
3629,地心引力,TPEX,17.95,1.35,35266,17.95,17.3
3630,新鉅科,TPEX,26.55,-0.45,24323107,27,26.55
3631,晟楠,TPEX,41,1.9,12279894,41,38.6
3632,研勤,TPEX,8.35,-0.15,515537,8.5,8.33
3646,艾恩特,TPEX,23.2,0,557271,23.2,23
3663,鑫科,TPEX,67.9,-4.2,247335258,70.2,66.3
3664,安瑞-KY,TPEX,8.59,0.78,1495210,8.59,8.4
3666,光耀,TPEX,28.15,-0.55,10065173,28.55,26.5
3672,康聯訊,TPEX,11.6,0.1,1021013,11.8,10.95
3675,德微,TPEX,248.5,22.5,571113871,248.5,223
3680,家登,TPEX,616,56,2478759868,616,579
3684,榮昌,TPEX,59,-0.5,10403022,60.8,59
3685,元創精密,TPEX,30,-0.1,9898631,30.1,28.9
3687,歐買尬,TPEX,64.9,-0.7,4934506,65.3,64.5
3689,湧德,TPEX,124.5,-1.5,452691503,126.5,122
3691,碩禾,TPEX,141,6,320854205,147,137.5
3693,營邦,TPEX,582,-21,1532523863,591,555
3707,漢磊,TPEX,74.9,1.7,1928350523,76.4,71.5
3709,鑫聯大投控,TPEX,89.1,-3.8,733633875,91.1,84.6
3710,連展投控,TPEX,6.01,-0.28,5357653,6.31,5.7
3713,新晶投控,TPEX,14.2,0.5,1851224,14.2,13.5
4102,永日,TPEX,17.8,0.1,1750467,17.9,17.5
4105,東洋,TPEX,75.2,-0.2,43945195,75.7,74.9
4107,邦特,TPEX,121,4,36315072,121.5,118
4109,加捷生醫,TPEX,11.45,0,1802394,11.55,11.35
4111,濟生,TPEX,30.3,-0.1,5853566,30.9,30.3
4113,聯上,TPEX,14.75,-0.1,6399660,14.95,14.5
4114,健喬,TPEX,31,0.05,26819274,31.1,30.9
4116,明基醫,TPEX,38.9,-0.3,3017051,39.3,38.85
4120,友華,TPEX,46.5,-0.05,2504215,46.7,46.5
4121,優盛,TPEX,14.6,-0.05,1020310,14.7,14.5
4123,晟德,TPEX,38.3,0.35,85126291,38.45,37.65
4126,太醫,TPEX,79.6,-0.2,6149316,80.5,79.4
4127,天良,TPEX,43.75,3.95,45025673,43.75,40.3
4128,中天,TPEX,15.1,0.1,21834882,15.4,15
4129,聯合,TPEX,99.5,-0.2,18456503,100.5,98.6
4130,健亞,TPEX,27.65,0.45,3318560,27.95,27.35
4131,浩泰,TPEX,35.3,-0.1,2142559,35.9,34.95
4138,曜亞,TPEX,53,-2.5,14826896,54.2,52.2
4139,馬光-KY,TPEX,23.4,-0.5,726135,23.5,23.4
4147,中裕,TPEX,48.85,-0.85,42638906,50,48.6
4153,鈺緯,TPEX,30.7,0.75,911853,30.9,30.65
4154,樂威科-KY,TPEX,11.4,-0.9,978549,12.7,11.2
4157,太景*-KY,TPEX,9.26,-0.19,16607535,9.58,9.24
4160,訊聯基因,TPEX,43.2,-0.75,3239870,43.95,42.85
4161,聿新科,TPEX,22.95,0.05,1085597,23.15,22.9
4162,智擎,TPEX,56.1,-1.7,29767722,57.6,55.8
4163,鐿鈦,TPEX,98.4,2.9,1664226,98.4,95.5
4166,友霖,TPEX,26.7,0.65,12358662,27.3,26.1
4167,松瑞藥,TPEX,19,0.25,22475247,19.2,18.7
4168,醣聯,TPEX,22.4,-0.1,6175779,22.65,22.25
4171,瑞基,TPEX,18.55,0,1914465,18.8,18.5
4173,久裕,TPEX,18.65,-0.1,1600649,18.8,18.65
4174,浩鼎,TPEX,33.35,-0.7,12374759,34.2,33.25
4175,杏一,TPEX,53.9,0,1545408,54.2,53.8
4183,福永生技,TPEX,13.65,-0.35,54750,13.8,13.65
4188,安克,TPEX,11.7,-0.15,723511,11.75,11.55
4192,杏國,TPEX,20.05,-0.45,280904,20.05,20.05
4198,欣大健康,TPEX,37.8,-0.2,119127,37.8,37.15
4205,中華食,TPEX,73.9,-0.1,3095944,74,73.7
4207,環泰,TPEX,18.5,0.6,4354770,18.5,17.9
4303,信立,TPEX,52,-0.3,29090645,52.6,51.9
4304,勝昱,TPEX,30.6,0.6,985941,31,30.1
4305,世坤,TPEX,43.65,-0.2,176715,43.8,43.55
4401,東隆興,TPEX,14,0,979460,14.1,13.9
4402,郡都開發,TPEX,13.75,-0.05,1112396,14.3,13.2
4406,新昕纖,TPEX,9.95,-0.05,746686,9.95,9.95
4413,飛寶企業,TPEX,18.6,0,189050,19.1,18.6
4416,三圓,TPEX,12.45,-0.1,1016420,12.75,12.35
4417,金洲,TPEX,46.45,0.35,8887736,46.5,45.95
4419,皇家美食,TPEX,47.8,2.6,401506,47.8,45.05
4420,光明,TPEX,42.4,0.8,1822728,42.6,41.65
4430,耀億,TPEX,16.85,-0.2,1159626,17.05,16.5
4432,銘旺實,TPEX,14.1,-0.05,539705,14.2,14.05
4433,興采,TPEX,20.15,0.2,1033682,20.2,20
4442,竣邦-KY,TPEX,54.9,0,4448767,56.5,54.9
4502,健信,TPEX,15.65,-0.8,913059,16.1,15.4
4503,金雨,TPEX,47,1.85,37737782,48.55,44.85
4506,崇友,TPEX,117.5,-1,12818376,119,116.5
4510,高鋒,TPEX,47.15,0.15,70893086,48.3,47.15
4513,福裕,TPEX,14.75,0.05,4940230,15.25,14.7
4523,永彰,TPEX,30.35,-0.65,9371293,31.05,30.2
4527,方土霖,TPEX,43.15,0.2,2023888,43.3,43.05
4528,江興鍛,TPEX,15.95,0,494708,16.25,15.8
4529,淳紳,TPEX,4.5,-0.35,390206,4.84,4.42
4530,宏易,TPEX,25.45,0,197645,26.4,25.45
4533,協易機,TPEX,31.75,1.25,56738131,32.45,30.3
4534,慶騰,TPEX,23.05,-0.9,21147477,23.9,23
4535,至興,TPEX,27.3,0,219479,27.3,27.2
4538,大詠城,TPEX,18.35,-0.05,911700,18.45,18.05
4541,晟田,TPEX,45.7,-2.25,83110585,48,44.4
4542,科嶠,TPEX,194.5,-1.5,87570468,204,189.5
4543,萬在,TPEX,38,-2.4,37489521,40.9,37.65
4549,桓達,TPEX,101,-0.5,19343714,104,101
4550,長佳,TPEX,24.35,-0.1,1157150,24.9,24.3
4554,橙的,TPEX,30.5,0.05,2087986,30.65,30.4
4556,旭然,TPEX,45.55,3.25,49639757,46,41.5
4558,寶緯,TPEX,20.35,0.95,7795950,20.9,19.45
4561,健椿,TPEX,51.6,0.2,115252316,52.5,48.45
4563,百德,TPEX,50.3,1.75,14024654,51,48.6
4568,科際精密,TPEX,40.95,0.05,1748450,41.85,40.15
4577,達航科技,TPEX,139.5,-2.5,171596149,149.5,139.5
4580,捷流閥業,TPEX,81.8,-0.3,5234940,83.3,81.6
4584,君帆,TPEX,40.15,-0.7,1091350,40.4,40
4609,唐鋒,TPEX,5.24,0.01,48870,5.54,5.24
4702,中美實,TPEX,9.87,0.2,1567827,9.91,9.73
4706,大恭,TPEX,30.9,-0.2,557056,31.1,30.3
4707,磐亞,TPEX,16.5,1.1,172854938,16.9,15.55
4711,永純,TPEX,16.6,0.55,7045686,17.3,16.4
4714,永捷,TPEX,14.8,0.05,12643161,15.05,14.7
4716,大立,TPEX,15.05,0.05,5231305,15.2,14.85
4721,美琪瑪,TPEX,95.1,-0.4,576775344,97.2,90.2
4726,永昕,TPEX,29.25,0.7,13471927,30.45,29
4728,雙美,TPEX,381,-1,36507285,382,380
4729,熒茂,TPEX,21,0.3,18299320,21.45,20.2
4735,豪展,TPEX,30.75,0.6,1728295,31.15,30.75
4741,泓瀚,TPEX,61.6,0,107364522,63.9,60.9
4743,合一,TPEX,51.5,-0.1,122621265,53.1,51.1
4744,皇將,TPEX,32.7,0.3,12254464,33.7,31.7
4745,合富-KY,TPEX,20.15,0.1,12684198,20.4,19.95
4747,強生,TPEX,54,0.9,3109674,54,53
4749,新應材,TPEX,1175,90,10487058740,1190,1075
4754,國碳科,TPEX,37.25,0.05,4995763,37.8,37
4760,勤凱,TPEX,279.5,-8,579303354,288.5,269
4767,誠泰科技,TPEX,26.85,0,241300,26.95,26.7
4768,晶呈科技,TPEX,488.5,-18.5,651241565,505,485
4772,台特化,TPEX,317.5,-4,1431072077,326,312
4806,桂田文創,TPEX,10.95,0.45,352481,10.95,10.2
4903,聯光通,TPEX,43.3,0.3,76595660,43.95,42.4
4905,台聯電,TPEX,80.7,1,3243254,84,80.2
4907,富宇,TPEX,39.45,2.2,7280558,39.5,38.5
4908,前鼎,TPEX,227.5,-2,122496308,235,220
4909,新復興,TPEX,53.9,-0.9,73431238,55.3,52
4911,德英,TPEX,34.25,-0.05,1155070,34.5,34.15
4923,力士,TPEX,37.4,1.8,7464064,37.7,35.65
4924,欣厚-KY,TPEX,10.35,0.1,581752,10.35,10.25
4931,新盛力,TPEX,187,17,2869131791,187,172
4933,友輝,TPEX,69.8,0.7,43861682,70.2,68.2
4939,亞電,TPEX,40.1,-1.4,126284668,42.4,40
4946,辣椒,TPEX,105.5,-1.5,6825995,106.5,105
4950,金耘國際,TPEX,16.7,-0.1,1003616,17.3,16.5
4951,精拓科,TPEX,121.5,-2.5,78875800,127,119
4953,緯軟,TPEX,118.5,-2.5,60297310,121.5,118
4966,譜瑞-KY,TPEX,735,66,5148374841,735,695
4971,IET-KY,TPEX,723,35,294711548,723,675
4972,湯石照明,TPEX,16.45,0,921518,16.5,16.4
4973,廣穎,TPEX,109.5,9.9,586363075,109.5,106
4974,亞泰,TPEX,74.4,0.9,20336477,74.4,73
4979,華星光,TPEX,672,12,9204404711,704,660
4987,科誠,TPEX,81.5,0,4273936,81.6,81.5
4991,環宇-KY,TPEX,686,42,967903922,708,615
4995,晶達,TPEX,44.1,-0.1,1710777,44.6,44
5009,榮剛,TPEX,40.15,3.65,741538959,40.15,38.5
5011,久陽,TPEX,15.4,0.8,14357576,15.6,14.6
5013,強新,TPEX,28.45,0.2,490483,29,28.25
5014,建錩,TPEX,10.35,0.92,11150295,10.35,10.1
5015,華祺,TPEX,22.5,-0.45,2540207,22.9,22.4
5016,松和,TPEX,25.3,-0.25,1624825,25.5,25.2
5201,凱衛,TPEX,30.55,0.15,1571075,30.8,30.2
5202,力新,TPEX,13.05,0,3107434,13.15,12.95
5205,中茂,TPEX,23.2,0.2,353886,23.7,21
5206,坤悅,TPEX,24.5,0.2,1411983,24.65,24.2
5209,新鼎,TPEX,164.5,0.5,11781274,165.5,164
5210,寶碩,TPEX,27.8,-0.25,16168345,29.45,27.8
5211,蒙恬,TPEX,20.3,0.15,1585356,20.3,20.1
5212,凌網,TPEX,48,1.35,700940,48.05,46.7
5213,亞昕,TPEX,25.85,-0.1,22503878,25.9,25.6
5220,萬達光電,TPEX,20.45,0.2,1864670,20.55,20.35
5223,安力-KY,TPEX,24.75,0,393050,24.75,24.05
5227,立凱-KY,TPEX,21,0.25,3047203,21,20.05
5228,鈺鎧,TPEX,41.7,1.75,200965222,43.9,39.1
5230,雷笛克光學,TPEX,16.45,-0.45,3892052,16.85,16.4
5236,凌陽創新,TPEX,168,-0.5,123847186,169.5,165
5245,智晶,TPEX,25.5,-0.2,3007532,26.15,25.25
5251,天鉞電,TPEX,28.5,-0.25,11073019,28.8,26.35
5263,智崴,TPEX,104,0.5,31203508,106,103
5272,笙科,TPEX,23.45,-0.75,12438477,24.2,23.1
5274,信驊,TPEX,17825,870,5891316515,17980,17000
5276,達輝-KY,TPEX,19.55,0.05,389381,19.8,19.3
5278,尚凡*,TPEX,22.6,-0.4,15211292,23.25,22.6
5287,數字,TPEX,151,-1.5,11838797,152.5,151
5289,宜鼎,TPEX,1760,160,6105671515,1760,1715
5291,邑昇,TPEX,71.5,1.1,673938573,77.4,71.2
5299,杰力,TPEX,98.5,6.3,65663248,99.4,91.8
5301,寶得利,TPEX,7.55,0.15,86841,7.56,7.33
5302,太欣,TPEX,11.4,-0.4,11976992,11.95,11.35
5309,系統電,TPEX,67.4,3.6,1527184722,69.5,63.9
5310,天剛,TPEX,26,0,1016821,26,25.9
5312,寶島科,TPEX,97.6,0.4,5222750,97.6,97
5314,世紀*,TPEX,72.6,-1.5,285968671,75,72.6
5315,光聯,TPEX,22.2,0.1,10508113,22.3,22.1
5321,美而快,TPEX,22.35,-0.15,5470928,23.65,21.9
5324,士開,TPEX,10.7,0.1,1796697,10.7,10.6
5328,華容,TPEX,28.05,1.15,469900889,29.5,27.5
5340,建榮,TPEX,111.5,0,352405647,114,110.5
5344,立衛,TPEX,16.65,-0.35,4205174,17,16.5
5345,馥鴻,TPEX,21.85,0.1,73247,21.85,21
5347,世界,TPEX,174.5,7,8445530036,180,163.5
5348,正能量智能,TPEX,15,0.1,139550,15,14.9
5351,鈺創,TPEX,80.1,5,2391880358,81.5,77.5
5353,台林,TPEX,26.15,-0.3,2731193,26.3,26.15
5355,佳總,TPEX,7,-0.08,720010,7,6.83
5356,協益,TPEX,26.95,-0.15,3098597,27.1,26.8
5364,力麗店,TPEX,9.84,-0.01,298627,9.9,9.77
5371,中光電,TPEX,70.5,-3.8,555547765,72.4,67.5
5381,光譜,TPEX,23.8,-0.5,17114524,24.8,23.8
5386,青雲,TPEX,439.5,-30.5,454861287,453,423
5392,能率,TPEX,42,1.7,132611142,42.35,40.7
5398,慕康生醫,TPEX,20,0,3880117,20,19.8
5403,中菲,TPEX,92.6,-0.3,15747695,93,92.4
5410,國眾,TPEX,37,0.3,21475458,37,36.3
5425,台半,TPEX,80.3,7.3,2888083967,80.3,72.3
5426,振發,TPEX,18.55,0.8,11601686,18.8,18.1
5432,新門,TPEX,152.5,5.5,97014971,160.5,150
5438,東友,TPEX,19.4,-0.1,1163078,19.75,19.35
5439,高技,TPEX,391,3,1904041878,393.5,380
5443,均豪,TPEX,129.5,8,732806527,129.5,120.5
5450,南良,TPEX,12.7,-0.4,1370355,13.1,12.65
5452,佶優,TPEX,33.6,1.45,97589420,34,32.3
5455,昇益,TPEX,24.7,-1.1,620439,26.4,24.7
5457,宣德,TPEX,36.4,0.15,17195883,37,35.75
5460,同協,TPEX,14.95,-0.1,630968,15.1,14.8
5464,霖宏,TPEX,57.6,5.2,152345980,57.6,50.5
5465,富驊,TPEX,25.5,0.6,4294287,25.5,24.9
5468,凱鈺,TPEX,18.15,0.35,1128331,18.6,17.8
5474,聰泰,TPEX,164.5,-1,81856774,167.5,161.5
5475,德宏,TPEX,331.5,6.5,848969227,338,316
5478,智冠,TPEX,96.3,0,8935110,96.5,96.1
5481,新華,TPEX,20.6,0,1618799,21.3,20.5
5483,中美晶,TPEX,163.5,14.5,5373244213,163.5,150
5487,通泰,TPEX,27.8,-0.5,6202778,28.3,25.5
5488,松普,TPEX,10.4,0.3,10250505,10.6,10.3
5489,彩富,TPEX,40.05,-0.45,2670350,40.5,40
5490,同亨,TPEX,28.55,0.45,12906911,28.9,28.15
5493,三聯,TPEX,86.6,1.1,11648453,88,85.3
5498,凱崴,TPEX,69.1,-2.9,783791296,74.8,68.4
5508,永信建,TPEX,49.75,0.65,15804440,49.95,48.75
5511,德昌,TPEX,69.8,-1,19435601,70.5,69.6
5512,力麒,TPEX,6.92,-0.05,10707574,6.96,6.89
5514,三豐,TPEX,15.2,-0.35,175417,15.5,15.2
5516,雙喜,TPEX,10.9,0.2,1145184,11.2,10.5
5520,力泰,TPEX,81.1,-0.1,459599,81.5,81.1
5523,豐謙,TPEX,30.35,0,3981420,30.35,30
5529,鉅陞,TPEX,21.9,-0.05,1809772,22.1,21.85
5530,龍巖,TPEX,45.1,-0.15,23098572,45.85,45.05
5536,聖暉*,TPEX,896,36,1462827187,900,867
5543,桓鼎-KY,TPEX,29.5,0.2,295508,29.8,29.2
5547,久舜,TPEX,21.85,0.1,1875830,22.05,21.85
5548,安倉,TPEX,23.5,0,2479326,23.5,23.25
5601,台聯櫃,TPEX,35.3,-0.05,35300,35.3,35.3
5603,陸海,TPEX,15.85,0,2789944,15.85,15.6
5604,中連,TPEX,31.4,-0.1,987831,31.5,31.15
5609,中菲行,TPEX,79.6,0,12780097,80,79.6
5701,劍湖山,TPEX,3.41,-0.07,412279,3.53,3.39
5703,亞都,TPEX,13.9,-0.05,55153,13.95,13.4
5704,老爺知,TPEX,21.45,-0.05,297811,21.7,21.4
5864,致和證,TPEX,36.7,1.8,317108595,37.75,35.7
5878,台名,TPEX,40.65,-0.05,632865,40.7,40.65
5902,德記,TPEX,38.2,0.2,623298,39.35,38
5903,全家,TPEX,189.5,0,8188337,189.5,189
5904,寶雅,TPEX,577,-12,174831201,589,572
5905,南仁湖,TPEX,8.79,0.79,18510168,8.8,8.61
6015,宏遠證,TPEX,16.9,0.75,136951019,17.3,16.55
6016,康和證,TPEX,24.05,2.15,371526787,24.05,23.6
6020,大展證,TPEX,23.45,2.1,18403645,23.45,21
6021,美好證,TPEX,35.4,0.45,37846469,36.5,35.25
6023,元大期,TPEX,99.5,-0.5,15973865,100,98.5
6026,福邦證,TPEX,16.6,-0.2,135122267,16.8,16.25
6028,公勝保經,TPEX,81.9,3.2,7932583,82.5,80
6101,寬魚國際,TPEX,38.7,-0.5,2377469,39.15,38.7
6103,合邦,TPEX,40,0,80123,40,40
6104,創惟,TPEX,103,1,260507556,104.5,99.9
6109,亞元,TPEX,12.5,-0.05,4053782,12.5,12.3
6111,光聚晶電,TPEX,47.85,-0.6,23251353,48.6,47
6113,亞矽,TPEX,24.5,-0.05,15394103,25.25,24.05
6114,久威,TPEX,31.6,0.6,2561690,32.55,30.1
6118,建達,TPEX,17.25,-0.3,5746451,17.85,17.25
6121,新普,TPEX,394,4,613280635,398.5,387
6122,擎邦,TPEX,48.95,-0.3,11834255,49.1,48.6
6123,上奇,TPEX,45.55,-0.2,4968656,45.8,45.55
6124,業強,TPEX,30.7,-0.1,2795019,31.45,30.5
6125,廣運,TPEX,59.7,0.6,131374544,60.2,58.5
6126,信音,TPEX,33,1,36148561,33.4,32.8
6127,九豪,TPEX,47.5,-0.55,349605241,48.4,45.6
6129,普誠,TPEX,16.4,0.25,9901743,16.75,16.1
6130,上亞科技,TPEX,23.65,-0.05,1755364,24.3,23.35
6134,萬旭,TPEX,33.55,0.3,83920767,34.5,31.85
6138,茂達,TPEX,285,24.5,655113682,286,254
6140,訊達,TPEX,21.6,-1.65,9272251,22.6,21.55
6143,振曜,TPEX,97.6,5.6,401068150,97.8,92.4
6144,得利影,TPEX,15,0.7,266939,15.35,14.6
6146,耕興,TPEX,213.5,-4,108609537,218,213
6147,頎邦,TPEX,196.5,-1.5,13324458899,211.5,187
6148,驊宏資,TPEX,30.2,-1.4,14627310,31.1,30.2
6150,撼訊,TPEX,66.8,-4.1,121850317,69.1,64.6
6151,晉倫,TPEX,39,1.95,105483048,40.75,38.15
6154,順發,TPEX,12.8,-0.15,1307053,12.9,12.75
6156,松上,TPEX,19.65,0.2,9349850,19.65,19.35
6158,禾昌,TPEX,18.35,-0.15,1238494,18.6,18.15
6160,欣技,TPEX,16.1,-0.45,2302758,16.65,16
6161,捷波,TPEX,44.7,0.4,7574851,44.8,44.3
6163,華電網,TPEX,60.4,3.2,239623978,61,56.1
6167,久正,TPEX,12,-0.2,5913676,12.15,11.95
6169,昱泉,TPEX,16.3,-0.3,1942780,16.65,16.3
6170,統振,TPEX,51,-0.9,43587586,51.8,50.6
6173,信昌電,TPEX,134,12,3698789946,134,115.5
6174,安碁,TPEX,41.5,0.5,143391071,43.95,37.7
6175,立敦,TPEX,68.6,0.3,446955664,69.3,64.2
6179,亞通,TPEX,24.7,1,206984661,25.25,24.3
6180,橘子,TPEX,39.4,0.15,16890124,39.75,39
6182,合晶,TPEX,58.6,1.7,6356223776,61.5,57.4
6185,幃翔,TPEX,13.95,0.1,2508928,14.05,13.85
6186,新潤,TPEX,39.65,-0.3,42240916,40.35,39.55
6187,萬潤,TPEX,1110,40,3106782755,1160,1100
6188,廣明,TPEX,84.8,1.1,160122881,85.3,83.4
6190,萬泰科,TPEX,80.9,1,918324459,81.5,77.2
6194,育富,TPEX,32.25,-0.05,947620,32.3,32.25
6195,詩肯,TPEX,23.5,-0.25,474251,23.55,23.45
6198,瑞築,TPEX,21.7,0,534480,22.95,21.7
6199,天品,TPEX,100.5,4.5,110879897,101.5,95.3
6203,海韻電,TPEX,74.7,5.8,137269669,75.7,68.7
6204,艾華,TPEX,73,-0.4,13716214,75.9,72
6207,雷科,TPEX,68.3,4.7,428261972,69.5,63.3
6208,日揚,TPEX,78.7,6.3,83589761,79.4,74.1
6210,慶生,TPEX,20.45,0.35,1160250,20.5,20.25
6212,理銘,TPEX,30,1.45,49122,30,30
6217,中探針,TPEX,282,16,439117500,282,261
6218,豪勉,TPEX,37.3,-1.7,80420280,39.2,37
6219,富旺,TPEX,12.9,-0.15,8192542,13,12.45
6220,岳豐,TPEX,30,-0.05,2486544,30.05,29.9
6221,晉泰,TPEX,24.4,-1,16000230,25.45,24.2
6222,立軒,TPEX,22.9,0.55,890713,23,22.25
6223,旺矽,TPEX,4985,-40,10543768845,5125,4710
6227,茂綸,TPEX,103,2.5,221998103,110,102
6228,全譜,TPEX,22.1,-0.35,371468,22.5,22.1
6229,研通,TPEX,29.35,0.35,23323457,30.55,29
6231,系微,TPEX,316,-6,416295975,324.5,314
6233,旺玖,TPEX,26.5,-0.3,15478994,27.5,26.45
6234,高僑,TPEX,54,-3.8,178241480,56,53.7
6237,驊訊,TPEX,45.5,1.85,194989076,46.4,44
6240,松崗,TPEX,18.5,0,328300,18.5,18.1
6241,易通展,TPEX,8.68,-0.31,2196500,8.9,8.55
6242,立康,TPEX,37.7,-0.2,818686,37.9,36.6
6244,茂迪,TPEX,29.9,0.2,253791862,30.55,29.2
6245,立端,TPEX,81.3,1.2,94013384,83.4,80.3
6246,臺龍,TPEX,16.9,-0.05,1555823,17.25,16.9
6248,沛波,TPEX,19.3,-0.3,1395117,19.45,19.3
6259,百徽,TPEX,24.8,2.25,35298442,24.8,23
6261,久元,TPEX,121,0.5,1011901934,124,118
6263,普萊德,TPEX,168,15,51241008,168,168
6264,富裔,TPEX,6.11,0.01,408504,6.13,6
6265,方土昶,TPEX,45.4,1.25,815953732,47.75,45.1
6266,泰詠,TPEX,27.55,-0.4,11503837,27.8,27.5
6270,倍微,TPEX,27.3,-0.35,17452630,28,27.05
6274,台燿,TPEX,1455,85,3596312115,1455,1350
6275,元山,TPEX,50.4,-2.8,69390419,52,50.1
6276,安鈦克,TPEX,30.5,-0.1,1574140,31.3,30.15
6279,胡連,TPEX,120.5,-3.5,232209742,123.5,120
6284,佳邦,TPEX,82,0.5,114478234,82.4,79.2
6290,良維,TPEX,275.5,-1,2888495348,277,250
6291,沛亨,TPEX,471.5,3.5,922341405,488,455
6292,迅德,TPEX,55.8,3.9,49145512,56.3,50.8
6294,智基,TPEX,31.95,0.25,2061957,34,31.8
6411,晶焱,TPEX,82.4,2.6,63211295,84.3,79
6417,韋僑,TPEX,138.5,0.5,116318600,146,134.5
6418,詠昇,TPEX,31.3,-0.5,3295781,31.5,30.9
6419,京晨科,TPEX,137,-7,90961976,146,135
6423,億而得,TPEX,119,5,56650033,124,116
6425,易發,TPEX,88,6.7,480308375,89.4,81.3
6432,今展科,TPEX,48.6,4.4,145493072,48.6,42.7
6435,大中,TPEX,231.5,21,295180889,231.5,211.5
6441,廣錠,TPEX,27.55,-0.25,9277336,28.4,27.2
6461,益得,TPEX,16.8,-0.15,4002686,17.1,16.75
6462,神盾,TPEX,129.5,3,275625322,132,122
6465,威潤,TPEX,45.6,-2.15,17726830,48,45
6469,大樹,TPEX,73.5,-2.9,145799863,75.8,73.1
6470,宇智,TPEX,47.15,-0.65,2402025,47.5,46.8
6474,華豫寧,TPEX,38.5,-1.5,6136637,40,38
6482,弘煜科,TPEX,29.25,-0.65,515201,29.9,29.1
6485,點序,TPEX,84.2,1.6,46128075,86.9,83.2
6486,互動,TPEX,83.3,0,9985557,84.3,82.9
6488,環球晶,TPEX,835,33,9080936800,849,790
6492,生華科,TPEX,50.3,-1.1,12503325,50.9,49.8
6494,九齊,TPEX,58.5,2.7,40500674,59.8,54.9
6496,科懋,TPEX,24.6,0.15,106219,24.95,24.6
6498,久禾光,TPEX,97.4,2,14213537,99.5,95.8
6499,益安,TPEX,83.7,0.9,34184229,84.5,81.8
6506,雙邦,TPEX,18.05,0.65,6994259,18.3,17.9
6508,惠光,TPEX,24.45,-0.05,946097,24.55,24.4
6509,聚和,TPEX,43.7,-0.95,227158739,44.9,43.2
6510,精測,TPEX,3790,210,2727704095,3825,3510
6512,啟發電,TPEX,19.2,-0.1,493860,19.3,19.2
6516,勤崴國際,TPEX,58.6,0.1,3852304,59.4,58.6
6517,保勝光學,TPEX,57,-1,11574073,57.9,57
6523,達爾膚,TPEX,99.1,-0.9,4818188,100,98.6
6527,明達醫,TPEX,68.6,-3.2,8601609,70.9,67.8
6530,創威,TPEX,110.5,2.5,177411965,114,107
6532,瑞耘,TPEX,107.5,-6.5,395143410,118,107
6535,順藥,TPEX,133,-3,17964354,136,131.5
6538,倉和,TPEX,78.4,-1.1,11332061,81.1,77.6
6542,隆中,TPEX,47.2,-0.55,842039,48.7,46.15
6546,正基,TPEX,68.8,-1.2,32581787,69.8,68.2
6547,高端疫苗,TPEX,48.9,0.35,111764351,49.55,48.6
6548,長科*,TPEX,53.7,1.1,441710949,54.5,52.6
6556,勝品,TPEX,70.1,0.8,1706651,71.1,70
6560,欣普羅,TPEX,39.35,-0.45,2620840,40.7,39.3
6561,是方,TPEX,353,8,72717995,355.5,341
6568,宏觀,TPEX,226,-7,173503383,237,225
6569,醫揚,TPEX,99.6,-0.9,4433522,100.5,97.1
6570,維田,TPEX,44.9,1.1,31158358,46.8,44.8
6574,霈方,TPEX,119.5,0.5,15872582,119.5,113
6576,逸達,TPEX,80.1,1.1,16111158,80.1,78.3
6577,勁豐,TPEX,80.8,-1.2,4821189,82,80.6
6578,達邦蛋白,TPEX,14.75,-0.35,6380652,15.1,14.75
6584,南俊國際,TPEX,687,18,527120599,696,664
6588,東典光電,TPEX,145,2,240247019,148,139
6590,普鴻,TPEX,69.4,-0.1,1269945,69.4,68.1
6593,台灣銘板,TPEX,35.15,-0.2,5317541,36.5,35.1
6596,寬宏藝術,TPEX,104,5.5,67275884,104,100.5
6597,立誠,TPEX,75,6.8,6572983,75,70
6603,富強鑫,TPEX,23.9,-0.3,28107550,24.2,23.8
6609,瀧澤科,TPEX,43.3,0.7,31990925,44.7,42.5
6612,奈米醫材,TPEX,67.8,-0.5,4930630,68.3,66.9
6613,朋億*,TPEX,240.5,-5,131143082,245.5,235
6615,慧智,TPEX,32.35,-0.25,1292499,32.7,32.35
6616,特昇-KY,TPEX,9.97,-0.03,50850,10,9.95
6617,共信-KY,TPEX,63.4,0.4,9155992,63.7,62.6
6620,漢達,TPEX,70.2,-0.5,31725623,70.2,68.4
6624,萬年清,TPEX,48.65,-1.3,2450181,49.75,48.3
6629,泰金-KY,TPEX,121,2,3988034,122,117.5
6637,醫影,TPEX,70.9,-0.4,2349373,71.3,70.9
6640,均華,TPEX,1405,10,460864630,1465,1390
6642,富致,TPEX,64.3,-0.1,23846959,65.7,63.9
6643,M31,TPEX,683,62,1071976940,683,631
6649,台生材,TPEX,39.75,0.25,1554514,39.75,39.2
6651,全宇昕,TPEX,133.5,12,334962999,133.5,115
6654,天正國際,TPEX,90.9,1.3,2480504,91.3,90
6661,威健生技,TPEX,17.5,-0.3,300309,17.85,17.35
6662,樂斯科,TPEX,30.45,0.95,394372,31,29.45
6664,群翊,TPEX,439.5,-3.5,603474024,450,431
6667,信紘科,TPEX,262.5,1,141537538,265,259
6679,鈺太,TPEX,327,-4,265137330,332,315
6680,鑫創電子,TPEX,54,0,780901,54.1,53.1
6683,雍智科技,TPEX,2270,60,651661445,2300,2160
6684,安格,TPEX,48.5,0,8900200,49.3,48.05
6690,安碁資訊,TPEX,168,-2,17896998,172,167.5
6692,進能服,TPEX,31.3,-0.1,1147793,31.95,31.3
6693,廣閎科,TPEX,156,7,331062060,159,146.5
6697,東捷資訊,TPEX,41.2,0,1717416,41.45,40.9
6703,軒郁,TPEX,119.5,2.5,16676623,120,115.5
6708,天擎,TPEX,42.8,1.4,2313200,43.3,41.95
6712,長聖,TPEX,138.5,0,24782255,139,136
6716,應廣,TPEX,104,9.3,65759120,104,103.5
6720,久昌,TPEX,163.5,0.5,9864454,175,163.5
6721,信實,TPEX,57.5,-0.1,1356419,57.6,57.1
6725,矽科宏晟,TPEX,324,-3,108812018,329,321
6727,亞泰金屬,TPEX,495,-9,2235854703,518,480
6728,上洋,TPEX,114.5,-0.5,5547010,116,114
6730,常廣,TPEX,37.5,-0.1,1457250,37.5,37
6732,昇佳電子,TPEX,167,3,32736586,167.5,164
6733,博晟生醫,TPEX,28,-0.3,11366984,28.5,27.8
6735,美達科技,TPEX,125,-1.5,42540429,128,122
6739,竹陞科技,TPEX,1440,115,777070755,1450,1320
6741,91APP*-KY,TPEX,65.9,0.3,25829345,66.3,64.9
6751,智聯服務,TPEX,49.4,-0.6,2641381,50,49.35
6752,叡揚,TPEX,103,0,5490746,103.5,102.5
6761,穩得,TPEX,210,4,261654400,213.5,203.5
6762,達亞,TPEX,144,-1,1329243,151,144
6763,綠界科技*,TPEX,47.05,-0.4,15241037,47.9,46.95
6767,台微醫,TPEX,27,-0.6,955182,27.5,27
6785,昱展新藥,TPEX,134.5,-2.5,25010199,137.5,131
6788,華景電,TPEX,467.5,13,791831340,473.5,448
6791,虎門科技,TPEX,122,2,19183205,127.5,120
6803,崑鼎,TPEX,287,-2.5,35100171,289,287
6804,明係,TPEX,15.05,-0.5,2023431,15.5,14.95
6811,宏碁資訊,TPEX,212.5,2.5,38363670,216.5,211.5
6821,聯寶,TPEX,50,-1,30810557,51.8,49.1
6823,濾能,TPEX,88.8,0.1,58297359,91,86.1
6829,千附精密,TPEX,225.5,-25,352359636,236.5,225.5
6840,東研信超,TPEX,66,1.1,9936150,67.3,64
6841,長佳智能,TPEX,60.4,-1.2,14883809,61.9,60.3
6843,進典,TPEX,46.05,-0.2,554450,46.75,46
6844,諾貝兒,TPEX,64.9,0.9,1608158,64.9,64.1
6846,綠茵,TPEX,70.2,0.9,1202515,70.2,69
6855,數泓科,TPEX,105,1,571080,106.5,105
6856,鑫傳,TPEX,51,0.1,57972,51,51
6859,伯特光,TPEX,117.5,-4.5,14086152,121.5,117
6865,偉康科技,TPEX,35.3,-0.2,154814,35.95,35.3
6870,騰雲,TPEX,190,2,17002233,190,187
6872,浩宇生醫,TPEX,18,0,2795574,19.2,18
6874,倍力,TPEX,85,-8.4,24998793,90.3,84.1
6875,國邑*,TPEX,34.25,-0.55,3947292,35.7,34.05
6877,鏵友益,TPEX,163,-3,54846507,168,162.5
6881,潤德,TPEX,272.5,2.5,1089150,272.5,270
6884,海柏特,TPEX,33.9,-0.5,599082,34.4,33.9
6894,衛司特,TPEX,339.5,-12,111010485,367,335
6895,宏碩系統,TPEX,164.5,-0.5,16796811,167.5,162.5
6899,創為精密,TPEX,54,0.5,820637,54,53.3
6903,巨漢,TPEX,405,-17,661232175,420,400.5
6904,伯鑫,TPEX,116,0,918385,116,112
6907,雅特力-KY,TPEX,133,3.5,240866087,138.5,129.5
6910,德鴻,TPEX,28.4,-0.35,2356062,28.75,28.3
6913,鴻呈,TPEX,130.5,1,25269571,133,127.5
6922,宸曜,TPEX,179,3.5,18048326,181.5,176
6925,意藍,TPEX,63.9,-0.3,4245408,64.6,63.2
6929,佑全,TPEX,24.8,0.6,474793,24.8,23.65
6953,家碩,TPEX,281,3.5,70644292,283.5,269.5
6961,旅天下,TPEX,60,-0.9,7035230,61.3,59.3
6967,汎瑋材料,TPEX,76,-0.4,19685044,79,76
6968,萬達寵物,TPEX,44.3,1.6,8166968,45.4,42.75
6971,惠民實業,TPEX,28.85,-0.45,1309332,29.25,28.85
6982,大井泵浦,TPEX,53.1,0.5,3353629,53.5,52.3
6996,力領科技,TPEX,183,-2,25875577,187.5,181.5
6997,博弘,TPEX,75.1,4.5,1739558,75.5,70.9
7402,邑錡,TPEX,114.5,-11,120331362,121.5,113
7547,碩網,TPEX,71.2,-1.7,8584864,73,69.1
7556,意德士,TPEX,270,13,49281685,276.5,259
7584,樂意,TPEX,32.8,-0.45,177743,33.75,32.8
7642,昶瑞機電,TPEX,72,-1.4,3402954,73.5,70.2
7703,銳澤,TPEX,210.5,1,25705950,211,207.5
7704,明遠精密,TPEX,58.3,-0.4,7298515,60,57.9
7708,全家餐飲,TPEX,92.2,0.2,1437497,92.5,92.1
7709,榮田,TPEX,82.8,-1.4,53436739,88.6,81.9
7712,博盛半導體,TPEX,147.5,13,54725733,147.5,147.5
7714,創泓科技,TPEX,129.5,-2,12541464,131.5,129
7715,裕山,TPEX,28.5,0.3,2030096,28.6,28.2
7716,昱臺國際,TPEX,25.1,-0.2,297900,25.35,24.6
7717,萊德光電-KY,TPEX,676,8,374754358,700,676
7718,友鋮,TPEX,47.8,-1.35,147435,48.5,47.8
7723,築間,TPEX,27.65,-0.5,4760820,28.15,27.2
7728,光焱科技,TPEX,781,-19,147669412,808,775
7734,印能科技,TPEX,3800,170,241649205,3860,3480
7738,東聯互動,TPEX,178.5,3,3578778,178.5,175.5
7743,金利食安,TPEX,20,0,336650,20.05,19.4
7744,崴寶,TPEX,553,-11,120945521,585,548
7747,昕奇雲端,TPEX,131,0,1052697,131,127
7751,竑騰,TPEX,1750,-190,1054136475,2015,1750
7753,星亞,TPEX,42.6,0.55,1017701,43,42
7757,金色三麥,TPEX,104.5,-1,6416378,106.5,104
7767,仁大資訊,TPEX,44.2,0,2066685,44.9,44.2
7770,君曜,TPEX,47.5,0.35,1301401,47.5,43.85
7772,耀穎,TPEX,186.5,-10,187811584,209,186
7777,能率亞洲,TPEX,28.75,0,22616229,29.3,28.75
7782,光速火箭,TPEX,27.05,-0.35,926589,27.4,27
7792,安葆,TPEX,316,-6.5,110374101,327.5,316
7794,宏碁智新,TPEX,30.6,-0.6,4281636,31,30.45
7805,威聯通,TPEX,732,16,197140453,758,725
7810,捷創科技,TPEX,233,21,65617521,233,222.5
7811,民盛,TPEX,80.9,-0.3,2854035,81.3,80
7820,立盈,TPEX,150,9,47689847,155,147.5
7828,創新服務,TPEX,1225,110,158130300,1225,1205
7842,天能綠電,TPEX,125.5,17.5,72128962,127.5,108
8024,佑華,TPEX,12.3,-0.1,1284058,12.65,12.2
8027,鈦昇,TPEX,223,20,931899938,223,205.5
8032,光菱,TPEX,41.95,0.9,8226713,41.95,40.25
8034,榮群,TPEX,25.4,0.05,48085210,26.35,25
8038,長園科,TPEX,42.85,-1.55,23110617,44.4,42.5
8040,九暘,TPEX,78,0.2,125653007,80.2,76.1
8042,金山電,TPEX,88.9,4.8,327382469,89.3,82.6
8043,蜜望實,TPEX,84.7,-5.1,678556126,88.4,82
8044,網家,TPEX,24.3,1.3,26771954,25.15,24.1
8047,星雲,TPEX,53.6,-0.4,3124976,54,52.5
8048,德勝,TPEX,61.8,-0.2,34419886,64.5,61
8049,晶采,TPEX,25.65,0.4,6771191,25.8,25.3
8050,廣積,TPEX,47.6,3.15,98098496,47.75,44.5
8054,安國,TPEX,103.5,-3,287525552,106.5,102.5
8059,凱碩,TPEX,20.85,0.3,8931768,21.15,20.55
8064,東捷,TPEX,113.5,10,376676076,113.5,103.5
8066,來思達,TPEX,16.85,0.05,1895101,17,16.5
8067,志旭,TPEX,12.45,-0.55,75477,12.7,12.45
8068,全達,TPEX,23.5,0.25,8385425,24.2,23.15
8069,元太,TPEX,178,16,951502560,178,178
8071,能率網通,TPEX,16.8,0.05,3012789,17,16.65
8074,鉅橡,TPEX,83,0.9,378693708,84.4,79.2
8076,伍豐,TPEX,24.65,1.25,71630094,25,24
8077,洛碁,TPEX,40,0.3,40563,40,40
8080,泰霖,TPEX,28.7,-0.7,2115074,29,28.4
8083,瑞穎,TPEX,174.5,0.5,18205203,176,174
8084,巨虹,TPEX,44.7,-0.65,5941173,45.9,44.2
8085,福華,TPEX,12.15,-0.15,6761063,12.3,11.85
8086,宏捷科,TPEX,162,2.5,2382262594,165,153.5
8087,麗升能源,TPEX,34,1,10082769,36.3,34
8088,品安,TPEX,56.7,2.7,388210882,58,55.2
8089,康全電訊,TPEX,21.1,-0.65,9346660,21.9,20.8
8091,翔名,TPEX,200,9,390718549,209,195
8092,建暐,TPEX,17.95,-0.1,3046275,18.05,17.35
8093,保銳,TPEX,19.25,-0.35,578568,19.9,19.25
8096,擎亞,TPEX,98.3,2.4,2367155213,104.5,92
8097,常珵,TPEX,51.9,-0.7,2406560,52.6,51.9
8099,大世科,TPEX,61,-0.3,4994147,63.1,60.4
8102,傑霖科技,TPEX,68.1,-3.1,3426521,70.8,68.1
8107,大億金茂,TPEX,11.5,-0.55,4731840,12,11.5
8109,博大,TPEX,118,-1.5,20925439,120.5,117
8111,立碁,TPEX,66.2,-0.6,199069506,67.4,64.6
8121,越峰,TPEX,33.85,3.05,115710674,33.85,30.5
8147,正淩,TPEX,169.5,15,311335139,169.5,159.5
8155,博智,TPEX,420,-24,1625669460,437,418.5
8171,天宇,TPEX,24.05,0.35,18114772,25.6,23.85
8176,智捷,TPEX,10.25,0.1,1576588,10.45,10.1
8182,加高,TPEX,37.4,-2.1,62077206,39,36.9
8183,精星,TPEX,31.7,-0.55,39925285,32.8,31
8227,巨有科技,TPEX,226,7,1407952787,240,217
8234,新漢,TPEX,71.2,0.7,68908820,72.6,70.2
8240,華宏,TPEX,70.2,2.7,477454828,71.1,67.5
8255,朋程,TPEX,149,3.5,195689684,151,141.5
8272,全景軟體,TPEX,78,1.9,5964809,79.8,69
8277,商丞,TPEX,7.05,-0.05,1508235,7.49,6.9
8279,生展,TPEX,98.2,-0.9,1292843,99.5,98.2
8284,三竹,TPEX,64.1,-0.1,2792534,64.9,63.8
8289,泰藝,TPEX,49.95,1.15,219300556,51.3,45.05
8291,尚茂,TPEX,38.9,3.5,4508616,38.9,38.9
8299,群聯,TPEX,2670,240,4789421970,2670,2670
8342,益張,TPEX,88,0.4,449298,90,88
8349,恒耀,TPEX,42.4,-2.7,15010251,45,42.4
8354,冠好,TPEX,15.85,0.55,832580,15.95,15.2
8358,金居,TPEX,462,7.5,13916139648,488,446
8383,千附,TPEX,56,-4.1,231506585,57.5,54.8
8390,金益鼎,TPEX,103.5,9.4,372353535,103.5,99.7
8401,白紗科,TPEX,24.2,0,2548847,24.25,24.1
8403,盛弘,TPEX,20.35,-0.75,15968597,21.05,20.25
8409,商之器,TPEX,19.6,0,103901,20.05,19.6
8410,森田,TPEX,36.65,0.1,610994,36.65,36.1
8415,大國鋼,TPEX,34.55,0.2,41086829,34.75,34.35
8416,實威,TPEX,175,2.5,3935683,178.5,174
8421,旭源,TPEX,13.75,0.1,379823,13.8,13.55
8423,保綠-KY,TPEX,18,0.05,760589,18.05,17.9
8424,惠普,TPEX,74,-0.1,984014,74.2,73.4
8426,紅木-KY,TPEX,22.6,0,1350938,22.8,22.4
8431,匯鑽科,TPEX,60.9,0.2,45771644,61.8,60.1
8432,東生華,TPEX,49.6,-1.7,10989608,50.9,49.05
8433,弘帆,TPEX,54.5,0.3,5423594,54.5,53.9
8435,鉅邁,TPEX,55.7,-0.3,2900516,56,55.5
8436,大江,TPEX,120.5,-1.5,110993970,123,119
8437,大地-KY,TPEX,11.55,-0.35,615452,11.7,11.55
8440,綠電,TPEX,20.7,0.5,3172753,20.9,20.2
8444,綠河-KY,TPEX,7.15,0.45,489471,7.37,6.55
8446,華研,TPEX,84.2,0.5,8960004,84.5,83.5
8450,霹靂,TPEX,16,0,1448889,16.4,15.8
8455,大拓-KY,TPEX,27.95,1.95,1906124,28.5,25.3
8472,夠麻吉,TPEX,69.8,1.2,213040,69.8,68.6
8477,創業家,TPEX,15,1.35,5164766,15,13.95
8489,三貝德,TPEX,25,0.2,1831813,25.1,24.5
8905,裕國,TPEX,33,-3.6,2148174,37.85,33
8906,花王,TPEX,25,-0.5,3642908,25.5,24.6
8908,欣雄,TPEX,38.8,-0.4,11394040,39,38.5
8916,光隆,TPEX,47.3,-0.4,5555051,47.55,47.05
8917,欣泰,TPEX,52.7,-0.9,166824,53.6,52.6
8924,大田,TPEX,64,0.3,17209569,64,63
8927,北基,TPEX,20,-0.3,10586939,20.2,19.9
8928,鉅明,TPEX,21.3,0,1253623,21.4,21.05
8929,富堡,TPEX,14.35,-0.25,649515,14.55,14.3
8930,青鋼,TPEX,28.9,-0.55,6625775,29.5,28.7
8931,大汽電,TPEX,41.6,0,3428306,41.75,41.4
8932,智通*,TPEX,92.5,0,193129371,93.5,90.4
8933,愛地雅,TPEX,5.82,-0.06,1776011,5.88,5.8
8935,邦泰,TPEX,18.1,-0.4,10646223,18.45,18
8936,國統,TPEX,50.6,-1.4,158367198,51.8,50.4
8937,合騏*,TPEX,34.5,0.35,37561776,35.05,33.8
8938,明安,TPEX,55.3,-0.7,46968206,55.8,55
8941,關中,TPEX,44.5,0.3,501342,44.8,43.6
8942,森鉅,TPEX,45.4,1.2,89038755,48.35,44.55
9949,琉園,TPEX,24,-0.5,2399341,24.45,24
9950,萬國通,TPEX,10.7,0.15,563242,10.7,10.55
9951,皇田,TPEX,54,-0.8,10691205,54.8,53.9
9960,邁達康,TPEX,34.95,0.45,4639718,35.1,34.5
9962,有益,TPEX,9.61,0.19,2021497,9.68,9.42